tree
version=v4
num_class=1
num_tree_per_iteration=1
label_index=0
max_feature_idx=3
objective=binary sigmoid:1
feature_names=ret_1m ret_5m rv_5m mom_z_5m
feature_infos=[-0.041715585516877152:0.070131406993783688] [-0.070958233256775916:0.11506371820232908] [0.002093333932587137:0.031687951909230822] [-4.8028822897482559:4.970367146111335]
tree_sizes=857 882 886 879 877 884 874 881 884 884 887 886 886 889 878 885 888 878 887 887 889 878 885 887 887 887 894 887 885 884 887 880 888 891 893 884 887 889 894 890 889 889 889 890 892 888 891 892 887 880 892 885 889 892 889 895 890 875 887 895 892 884 892 890 889 891 893 891 887 893 893 879 880 891 881 892 895 879 890 889 894 883 891 893 895 891 890 890 890 891 884 891 890 889 887 883 890 891 890 886

Tree=0
num_leaves=7
num_cat=0
split_feature=2 2 2 2 2 2
split_gain=5.52749 5.67036 3.81394 3.1064 3.06841 2.96758
threshold=0.016257979570199699 0.0051263069554997017 0.0038812100596654123 0.0061945339105700997 0.0082962643365259697 0.0074082600425069041
decision_type=2 2 2 2 2 2
left_child=1 2 -1 -3 5 -5
right_child=-2 3 -4 4 -6 -7
leaf_value=0.49307431877301189 0.43253559021929333 0.52838857709601439 0.44010293128850814 0.49307431877301189 0.50591586725410376 0.44262537831157978
leaf_weight=5.6634349822998038 4.9555056095123282 7.079293727874755 8.4951524734497053 7.0792937278747576 15.574446201324461 4.9555056095123291
leaf_count=24 21 30 36 30 66 21
internal_value=0.482852 0.487956 0.461291 0.49884 0.491263 0.472301
internal_weight=53.8026 48.8471 14.1586 34.6885 27.6092 12.0348
internal_count=228 207 60 147 117 51
is_linear=0
shrinkage=1


Tree=1
num_leaves=7
num_cat=0
split_feature=2 1 2 3 2 2
split_gain=4.93661 5.14447 4.67756 5.31937 3.68817 4.05383
threshold=0.016257979570199699 -0.02510843154155561 0.0051263069554997017 1.491102095883631 0.0061945339105700997 0.0082962643365259697
decision_type=2 2 2 2 2 2
left_child=1 -1 3 -3 -4 -6
right_child=-2 2 4 -5 5 -7
leaf_value=0.051924762176037469 -0.047248073160329952 -0.055968522322165037 0.042531579135722697 0.0080001179560201998 -0.022248316463422287 0.01926970200584872
leaf_weight=5.1889474987983695 5.0119067877531043 6.8927177339792234 6.7666087895631817 6.1491471230983734 10.639651551842691 13.141045928001402
leaf_count=22 21 29 29 26 45 56
internal_value=6.5972e-06 0.00486197 -0.000740484 -0.0258078 0.00996174 0.000694248
internal_weight=53.79 48.7781 43.5892 13.0419 30.5473 23.7807
internal_count=228 207 185 55 130 101
is_linear=0
shrinkage=0.05


Tree=2
num_leaves=7
num_cat=0
split_feature=2 1 2 2 2 2
split_gain=4.41693 4.71002 4.20694 4.90462 3.37774 3.65748
threshold=0.016257979570199699 -0.02510843154155561 0.0051263069554997017 0.0038812100596654123 0.0061945339105700997 0.0082962643365259697
decision_type=2 2 2 2 2 2
left_child=1 -1 3 -3 -4 -6
right_child=-2 2 4 -5 5 -7
leaf_value=0.049988385053680355 -0.044448663983790021 0.013403584508677175 0.040880437447105962 -0.049130919469448774 -0.02102646025158475 0.018397736137037605
leaf_weight=5.1221615225076667 5.0598849803209296 5.1896422207355482 6.6898886412382152 7.9215788543224335 10.693593323230745 13.077334523200987
leaf_count=22 21 22 29 33 45 56
internal_value=1.37537e-05 0.00463391 -0.00069779 -0.0243787 0.00949517 0.000662361
internal_weight=53.7541 48.6942 43.572 13.1112 30.4608 23.7709
internal_count=228 207 185 55 130 101
is_linear=0
shrinkage=0.05


Tree=3
num_leaves=7
num_cat=0
split_feature=2 1 2 3 2 2
split_gain=3.95799 4.31559 3.78699 4.4925 3.09465 3.30076
threshold=0.016257979570199699 -0.02510843154155561 0.0051263069554997017 1.491102095883631 0.0061945339105700997 0.0082962643365259697
decision_type=2 2 2 2 2 2
left_child=1 -1 3 -3 -4 -6
right_child=-2 2 4 -5 5 -7
leaf_value=0.04815895615663543 -0.041881567717852113 -0.050391707311029633 0.03930727713404527 0.0081460039567168227 -0.019881781136012591 0.017564183010020187
leaf_weight=5.0526833385229102 5.100429654121398 7.0180363208055478 6.6117636263370541 6.1496601402759552 10.742501839995386 13.01468789577484
leaf_count=22 21 29 29 26 45 56
internal_value=1.98363e-05 0.00441823 -0.000658134 -0.0230531 0.0090521 0.000631905
internal_weight=53.6898 48.5893 43.5366 13.1677 30.369 23.7572
internal_count=228 207 185 55 130 101
is_linear=0
shrinkage=0.05


Tree=4
num_leaves=7
num_cat=0
split_feature=2 2 3 1 3 2
split_gain=3.55137 4.05058 1.06328 1.80336 3.13908 2.65522
threshold=0.016257979570199699 0.0045269161522552464 -1.3981116353086269 0.0059099622654926404 0.94816686417984364 0.0082962643365259697
decision_type=2 2 2 2 2 2
left_child=1 -1 -3 5 -5 -4
right_child=-2 2 3 4 -6 -7
leaf_value=-0.02551707959860074 -0.039517017019326584 0.033921833716941296 -0.019088811621392417 0.042654312525217321 0.00062198045776059912 0.022184599791345728
leaf_weight=9.2661070227622968 5.1344201266765586 4.5655676424503318 10.397406056523325 7.9656059145927456 10.04160191118717 6.232549935579299
leaf_count=39 21 20 44 34 43 27
internal_value=2.49443e-05 0.00421372 0.011241 0.00825142 0.0192153 -0.00362042
internal_weight=53.6033 48.4688 39.2027 34.6372 18.0072 16.63
internal_count=228 207 168 148 77 71
is_linear=0
shrinkage=0.05


Tree=5
num_leaves=7
num_cat=0
split_feature=2 1 2 2 2 2
split_gain=3.1896 3.79884 3.11638 4.27277 2.96716 2.79434
threshold=0.016257979570199699 -0.02510843154155561 0.0051263069554997017 0.0038812100596654123 0.0061945339105700997 0.0082962643365259697
decision_type=2 2 2 2 2 2
left_child=1 -1 3 -3 -4 -6
right_child=-2 2 4 -5 5 -7
leaf_value=0.04555031043382432 -0.037330448742132968 0.01435449037285756 0.037968368476032362 -0.043758609146992963 -0.018854474615585745 0.015654958880091659
leaf_weight=4.9424367845058432 5.1626383960247031 5.2113018035888663 6.5409949868917492 8.0474243164062482 10.782935678958895 12.8643801510334
leaf_count=22 21 22 29 33 45 56
internal_value=2.80674e-05 0.00401382 -0.000711276 -0.0209174 0.00816328 -8.09921e-05
internal_weight=53.5521 48.3895 43.447 13.2587 30.1883 23.6473
internal_count=228 207 185 55 130 101
is_linear=0
shrinkage=0.05


Tree=6
num_leaves=7
num_cat=0
split_feature=2 2 3 1 3 2
split_gain=2.868 3.54429 0.866928 1.64702 2.87377 2.58953
threshold=0.016257979570199699 0.0045269161522552464 -1.3981116353086269 0.0059099622654926404 0.94816686417984364 0.0060095870878505006
decision_type=2 2 2 2 2 2
left_child=1 -1 -3 -4 -5 -6
right_child=-2 2 3 4 5 -7
leaf_value=-0.023885241441731705 -0.03530140671765615 0.0311906275763385 -0.0035726289494389394 0.040915975542252125 0.02775903666706633 -0.023204882817491744
leaf_weight=9.3101048618555051 5.1857794672250739 4.4630553573369971 16.596262156963348 7.8665440976619747 4.6662227064371091 5.350548729300499
leaf_count=39 21 20 71 34 20 23
internal_value=3.2039e-05 0.00382937 0.0104552 0.00777115 0.0182985 0.0005362
internal_weight=53.4385 48.2527 38.9426 34.4796 17.8833 10.0168
internal_count=228 207 168 148 77 43
is_linear=0
shrinkage=0.05


Tree=7
num_leaves=7
num_cat=0
split_feature=2 1 2 2 2 0
split_gain=2.5805 3.36912 2.65012 4.00406 2.70362 2.73502
threshold=0.016257979570199699 -0.02510843154155561 0.0051263069554997017 0.0038812100596654123 0.0061945339105700997 0.0013618988111571419
decision_type=2 2 2 2 2 2
left_child=1 -1 3 -3 -4 -6
right_child=-2 2 4 -5 5 -7
leaf_value=0.04323979310478928 -0.033412695010320702 0.014799762503238601 0.036176907098817976 -0.041355530976242456 -0.017513326674494449 0.01654061327709026
leaf_weight=4.8340975642204276 5.204462304711341 5.2224921584129325 6.4405773431062725 8.0943682938814145 11.715458989143373 11.8700013756752
leaf_count=22 21 22 29 33 50 51
internal_value=3.43869e-05 0.00364761 -0.000768168 -0.019333 0.00746554 -0.000374788
internal_weight=53.3815 48.177 43.3429 13.3169 30.026 23.5855
internal_count=228 207 185 55 130 101
is_linear=0
shrinkage=0.05


Tree=8
num_leaves=7
num_cat=0
split_feature=2 2 2 2 2 0
split_gain=2.32394 3.11049 0.789009 4.26896 1.92865 0.989687
threshold=0.016257979570199699 0.0045269161522552464 0.0074082600425069041 0.0082962643365259697 0.011387444257348668 0.00057005256410702307
decision_type=2 2 2 2 2 2
left_child=1 -1 5 -4 -5 -3
right_child=-2 2 3 4 -6 -7
leaf_value=-0.022414659605567957 -0.031649761127318682 0.02932633407392489 -0.037254121056109556 0.031144598806808622 -0.0054304235595161263 0.0063355561447828576
leaf_weight=9.3422524034976941 5.2192373424768439 8.7832138538360613 4.98737804591656 8.8117077499628049 6.0990931242704383 10.022047415375708
leaf_count=39 21 38 21 39 27 43
internal_value=3.75433e-05 0.00347976 0.00973016 0.00279001 0.016184 0.0170737
internal_weight=53.2649 48.0457 38.7034 19.8982 14.9108 18.8053
internal_count=228 207 168 87 66 81
is_linear=0
shrinkage=0.05


Tree=9
num_leaves=7
num_cat=0
split_feature=3 1 1 2 2 2
split_gain=2.17961 2.00455 2.11888 2.99137 4.36352 3.63597
threshold=-1.5038326353574847 -0.011172344444771333 0.032381796843904055 0.0051263069554997017 0.0061945339105700997 0.0038812100596654123
decision_type=2 2 2 2 2 2
left_child=-1 -2 3 5 -5 -3
right_child=1 2 -4 4 -6 -7
leaf_value=0.032797668350521079 -0.033678660814817407 0.01515530313159631 -0.03008251749350617 0.054589594693404714 0.0036279533130552039 -0.040108041088018347
leaf_weight=4.6352901309728614 4.8232726156711569 5.2312882542610151 5.0771109312772742 5.2327838987112072 21.290085002779961 6.9049994647502899
leaf_count=21 21 22 21 24 91 28
internal_value=3.91732e-05 -0.00308782 0.000285769 0.00427404 0.0136823 -0.016287
internal_weight=53.1948 48.5595 43.7363 38.6592 26.5229 12.1363
internal_count=228 207 186 165 115 50
is_linear=0
shrinkage=0.05


Tree=10
num_leaves=7
num_cat=0
split_feature=2 2 0 1 3 0
split_gain=2.03939 2.6698 0.751567 1.37568 2.35252 2.09225
threshold=0.0045269161522552464 0.016257979570199699 0.0087241113447493867 0.017582833971606142 -0.069662104222621965 0.0010952302610972961
decision_type=2 2 2 2 2 2
left_child=-1 2 3 4 -2 -6
right_child=1 -3 -4 -5 5 -7
leaf_value=-0.021132743515299993 0.014508721057749653 -0.0289190525253618 0.022740438900632074 0.027224470374580284 0.0060977909053473358 -0.037169318222807939
leaf_weight=9.3650656789541227 13.358292520046234 5.2363758087158194 8.0314386337995511 5.9007714539766303 5.3353132754564321 5.8661133050918579
leaf_count=39 59 21 35 26 23 25
internal_value=4.23629e-05 0.00457733 0.00913412 0.00554657 0.000338193 -0.0165609
internal_weight=53.0934 43.7283 38.4919 30.4605 24.5597 11.2014
internal_count=228 189 168 133 107 48
is_linear=0
shrinkage=0.05


Tree=11
num_leaves=7
num_cat=0
split_feature=1 1 1 2 2 2
split_gain=1.9937 1.901 1.87825 2.48448 3.99752 3.32753
threshold=-0.028029409135596307 -0.011172344444771333 0.032381796843904055 0.0051263069554997017 0.0061945339105700997 0.0082962643365259697
decision_type=2 2 2 2 2 2
left_child=-1 -2 3 -3 -5 -6
right_child=1 2 -4 4 5 -7
leaf_value=0.031616856057358832 -0.032638298551115101 -0.014535944068689195 -0.028183540939516551 0.052524502182310889 -0.018079216730984393 0.021612299855455347
leaf_weight=4.5688951164484015 4.8474160283803931 12.177622377872465 5.0880315452814093 5.1002268642187145 9.8360822945833224 11.400784164667128
leaf_count=21 21 50 21 24 41 50
internal_value=4.31182e-05 -0.00293431 0.000367945 0.00413977 0.012775 0.00322875
internal_weight=53.0191 48.4502 43.6027 38.5147 26.3371 21.2369
internal_count=228 207 186 165 115 91
is_linear=0
shrinkage=0.05


Tree=12
num_leaves=7
num_cat=0
split_feature=3 1 1 2 2 2
split_gain=1.87965 1.76919 1.69126 2.24916 3.71064 3.29855
threshold=-1.5038326353574847 -0.011172344444771333 0.032381796843904055 0.0051263069554997017 0.0061945339105700997 0.0038812100596654123
decision_type=2 2 2 2 2 2
left_child=-1 -2 3 5 -5 -3
right_child=1 2 -4 4 -6 -7
leaf_value=0.030797767984021375 -0.031445825449200292 0.016112253321495001 -0.026682216134753717 0.050979006305407061 0.0030749538573041162 -0.036389232269704017
leaf_weight=4.5425784587860099 4.8623416125774375 5.2543372511863691 5.1051431596279135 4.9948043376207378 21.201387420296669 6.9474651217460632
leaf_count=21 21 22 21 24 91 28
internal_value=4.6385e-05 -0.00284184 0.000355221 0.00394994 0.0122088 -0.0137811
internal_weight=52.9081 48.3655 43.5031 38.398 26.1962 12.2018
internal_count=228 207 186 165 115 50
is_linear=0
shrinkage=0.05


Tree=13
num_leaves=7
num_cat=0
split_feature=1 1 2 2 2 2
split_gain=1.75674 1.6181 1.58649 3.26758 3.7369 3.33273
threshold=-0.028029409135596307 -0.011172344444771333 0.011387444257348668 0.0082962643365259697 0.0070928420418504088 0.0048906817016792078
decision_type=2 2 2 2 2 2
left_child=-1 -2 3 4 5 -3
right_child=1 2 -4 -5 -6 -7
leaf_value=0.029958656519605678 -0.029970298367358636 -0.013461192820253286 -0.019217048045450508 0.034623511087026777 -0.041500940689720309 0.024972139689487451
leaf_weight=4.4915073364973059 4.8996187895536414 11.210020184516912 8.3682306706905347 7.3602002561092368 5.1032163798809043 11.353210449218748
leaf_count=21 21 46 35 33 21 51
internal_value=4.85963e-05 -0.00273311 0.000342177 0.00501508 -0.00286175 0.00587743
internal_weight=52.786 48.2945 43.3949 35.0266 27.6664 22.5632
internal_count=228 207 186 151 118 97
is_linear=0
shrinkage=0.05


Tree=14
num_leaves=7
num_cat=0
split_feature=3 1 3 1 3 3
split_gain=1.65696 1.50835 1.54225 4.7203 4.23946 4.86939
threshold=-1.5038326353574847 -0.011172344444771333 0.94816686417984364 0.011690559005419437 1.491102095883631 2.2434175963599308
decision_type=2 2 2 2 2 2
left_child=-1 -2 3 -3 -4 -6
right_child=1 2 4 -5 5 -7
leaf_value=0.029188515406633565 -0.028913344465238251 -0.0025115236041670414 -0.038450569508987446 0.051643159984560587 0.042980049971075948 -0.025391747725099719
leaf_weight=4.4654910564422599 4.9094917625188819 19.972353935241703 7.8547935634851482 5.0390212833881369 5.4286293089389783 5.0050314664840698
leaf_count=21 21 86 33 22 24 21
internal_value=5.08051e-05 -0.00264814 0.000329907 0.00839898 -0.0107054 0.0101821
internal_weight=52.6748 48.2093 43.2998 25.0114 18.2885 10.4337
internal_count=228 207 186 108 78 45
is_linear=0
shrinkage=0.05


Tree=15
num_leaves=7
num_cat=0
split_feature=2 2 2 1 3 2
split_gain=1.59722 2.04018 1.94211 2.08235 3.41762 0.963797
threshold=0.0045269161522552464 0.011777505136664373 0.0093406034837972655 0.011690559005419437 0.05547713216210727 0.0064347853674467546
decision_type=2 2 2 2 2 2
left_child=-1 2 3 4 -2 -5
right_child=1 -3 -4 5 -6 -7
leaf_value=-0.018635197871218121 0.0096019918431252838 -0.014827059202358404 0.040721086041450673 0.0085405973869910751 -0.038377730939503148 0.038731172510168006
leaf_weight=9.3915633857250196 12.014992460608488 10.696149185299872 4.5294595956802359 5.5586866885423643 5.3704482167959204 5.0407147407531738
leaf_count=39 53 45 21 25 23 22
internal_value=5.33815e-05 0.00411525 0.0103466 0.00543042 -0.00521918 0.0228982
internal_weight=52.602 43.2105 32.5143 27.9848 17.3854 10.5994
internal_count=228 189 144 123 76 47
is_linear=0
shrinkage=0.05


Tree=16
num_leaves=7
num_cat=0
split_feature=1 1 1 2 2 1
split_gain=1.52613 1.4151 1.51948 2.15883 2.79446 2.10086
threshold=-0.028029409135596307 -0.011172344444771333 -0.0032316807233979451 0.011387444257348668 0.0045269161522552464 0.0059099622654926404
decision_type=2 2 2 2 2 2
left_child=-1 -2 -3 4 -4 -6
right_child=1 2 3 -5 5 -7
leaf_value=0.028240408454464308 -0.027889747197034406 0.025005402667103879 -0.022392798208522427 -0.026830807741402375 -0.01100719044756481 0.022411729904044497
leaf_weight=4.4002062529325476 4.9340513944625846 5.4689914137125006 8.0284120142459887 7.6914598792791358 6.8104139566421535 15.195812731981276
leaf_count=21 21 24 33 32 29 68
internal_value=5.4498e-05 -0.0025224 0.000375241 -0.00319529 0.00285744 0.0120694
internal_weight=52.5293 48.1291 43.1951 37.7261 30.0346 22.0062
internal_count=228 207 186 162 130 97
is_linear=0
shrinkage=0.05


Tree=17
num_leaves=7
num_cat=0
split_feature=3 1 3 1 3 3
split_gain=1.42415 1.30528 1.40041 4.14505 3.89123 4.23081
threshold=-1.5038326353574847 -0.011172344444771333 0.94816686417984364 0.011690559005419437 1.491102095883631 2.2434175963599308
decision_type=2 2 2 2 2 2
left_child=-1 -2 3 -3 -4 -6
right_child=1 2 4 -5 5 -7
leaf_value=0.027376686557437337 -0.026765771254434023 -0.0020524485297347241 -0.036729960675601775 0.04919545128431535 0.040952507298291384 -0.022927244167635932
leaf_weight=4.3719017207622519 4.9434090554714194 19.975311115384105 7.8507869690656689 4.9168493002653113 5.3363648355007154 5.0401532500982285
leaf_count=21 21 86 33 22 24 21
internal_value=5.50007e-05 -0.00243024 0.000359697 0.00807034 -0.0101704 0.0099244
internal_weight=52.4348 48.0629 43.1195 24.8922 18.2273 10.3765
internal_count=228 207 186 108 78 45
is_linear=0
shrinkage=0.05


Tree=18
num_leaves=7
num_cat=0
split_feature=1 1 1 2 2 1
split_gain=1.34643 1.21012 1.39321 1.93575 2.43954 1.8655
threshold=-0.028029409135596307 -0.011172344444771333 -0.0032316807233979451 0.011387444257348668 0.0045269161522552464 0.0059099622654926404
decision_type=2 2 2 2 2 2
left_child=-1 -2 -3 4 -4 -6
right_child=1 2 3 -5 5 -7
leaf_value=0.02677466038932801 -0.025713130329795317 0.024008963438875278 -0.020858893211918313 -0.02541938350637616 -0.010327051947008427 0.021188500601013047
leaf_weight=4.3257641792297354 4.9689382910728446 5.435347616672515 8.0434393882751483 7.7054984271526328 6.827771648764613 15.035875007510183
leaf_count=21 21 24 33 32 29 68
internal_value=5.69632e-05 -0.00234999 0.000346769 -0.00307263 0.00268497 0.0113465
internal_weight=52.3426 48.0169 43.0479 37.6126 29.9071 21.8636
internal_count=228 207 186 162 130 97
is_linear=0
shrinkage=0.05


Tree=19
num_leaves=7
num_cat=0
split_feature=3 1 1 2 2 1
split_gain=1.25625 1.11719 1.26532 1.74216 2.20285 1.69536
threshold=-1.5038326353574847 -0.011172344444771333 -0.0032316807233979451 0.011387444257348668 0.0045269161522552464 0.0059099622654926404
decision_type=2 2 2 2 2 2
left_child=-1 -2 -3 4 -4 -6
right_child=1 2 3 -5 5 -7
leaf_value=0.025951408619455468 -0.024696855452876039 0.022965937155232603 -0.019771421634471494 -0.024080523371917097 -0.0097910041123066231 0.020263284770968296
leaf_weight=4.2984675765037528 4.9745040833950034 5.3990346938371649 8.0610812753438967 7.7266546934843054 6.841152191162112 14.938815772533415
leaf_count=21 21 24 33 32 29 68
internal_value=5.69945e-05 -0.00226473 0.000332366 -0.00292041 0.00255851 0.0108231
internal_weight=52.2397 47.9412 42.9667 37.5677 29.841 21.78
internal_count=228 207 186 162 130 97
is_linear=0
shrinkage=0.05


Tree=20
num_leaves=7
num_cat=0
split_feature=1 2 2 2 2 2
split_gain=1.18821 1.08849 3.19104 1.50055 3.56456 2.98026
threshold=-0.028029409135596307 0.0038812100596654123 0.0048906817016792078 0.0074082600425069041 0.0084339103522451109 0.011387444257348668
decision_type=2 2 2 2 2 2
left_child=-1 -2 -3 -4 -5 -6
right_child=1 2 3 4 5 -7
leaf_value=0.025382870089091476 0.01913972755710357 -0.037974831502956358 0.013198994991096769 -0.044524207473467393 0.028953032733659925 -0.013972852471698459
leaf_weight=4.2533723413944236 5.3156477808952323 6.212124526500701 14.603637263178824 5.0094865709543255 6.8332057148218182 9.9041892439126951
leaf_count=21 22 25 66 21 32 41
internal_value=5.67915e-05 -0.00219311 -0.00485736 0.000802249 -0.00752251 0.00355206
internal_weight=52.1317 47.8783 42.5626 36.3505 21.7469 16.7374
internal_count=228 207 185 160 94 73
is_linear=0
shrinkage=0.05


Tree=21
num_leaves=7
num_cat=0
split_feature=3 1 3 1 3 3
split_gain=1.08357 1.02924 1.25067 3.76894 3.51574 3.61351
threshold=-1.5038326353574847 -0.011172344444771333 0.94816686417984364 0.011690559005419437 1.491102095883631 2.2434175963599308
decision_type=2 2 2 2 2 2
left_child=-1 -2 3 -3 -4 -6
right_child=1 2 4 -5 5 -7
leaf_value=0.024344654766508596 -0.023580731527786714 -0.0018583430444758368 -0.034844086327252013 0.047510556562799851 0.038847264159687228 -0.020458229242080496
leaf_weight=4.2195996791124335 4.9886104911565772 19.893574088811878 7.8152068555355099 4.7983810901641837 5.2175624221563321 5.058887392282486
leaf_count=21 21 86 33 22 24 21
internal_value=5.71761e-05 -0.00208808 0.000417989 0.0077355 -0.00956914 0.00965238
internal_weight=51.9918 47.7722 42.7836 24.692 18.0917 10.2764
internal_count=228 207 186 108 78 45
is_linear=0
shrinkage=0.05


Tree=22
num_leaves=7
num_cat=0
split_feature=1 1 3 1 3 3
split_gain=1.05015 0.977977 1.18434 2.20465 3.69947 3.16272
threshold=-0.028029409135596307 -0.011172344444771333 -0.069662104222621965 0.0059099622654926404 0.94816686417984364 1.491102095883631
decision_type=2 2 2 2 2 2
left_child=-1 -2 -3 -4 -5 -6
right_child=1 2 3 4 5 -7
leaf_value=0.024076933474277095 -0.022967457282983165 0.01854657019141177 -0.025317651658478157 0.030849718907678965 -0.032985612430800185 0.0092214797029038214
leaf_weight=4.18397033214569 5.0011965483427039 7.4286992400884619 8.6689345389604551 8.5328733623027819 7.8420278429985073 10.226374655961989
leaf_count=21 21 33 36 39 33 45
internal_value=5.85381e-05 -0.00204821 0.000401996 -0.00341966 0.00371655 -0.0090972
internal_weight=51.8841 47.7001 42.6989 35.2702 26.6013 18.0684
internal_count=228 207 186 153 117 78
is_linear=0
shrinkage=0.05


Tree=23
num_leaves=7
num_cat=0
split_feature=2 2 0 0 2 2
split_gain=1.02475 1.32809 0.672917 2.17534 1.42561 2.46945
threshold=0.0045269161522552464 0.016257979570199699 0.0017122263340489487 0.0061488425272139069 0.0061945339105700997 0.0089966526376795367
decision_type=2 2 2 2 2 2
left_child=-1 2 4 -4 -2 -6
right_child=1 -3 3 -5 5 -7
leaf_value=-0.014908674513946694 0.018829605481676261 -0.020287861737638104 0.040697780352972647 0.0011993731206850868 -0.024001071999314196 0.019198775958512233
leaf_weight=9.3665125072002393 7.3743150532245663 5.2059443891048423 5.2785016596317282 10.264155820012091 9.0690860301256162 5.2076429724693289
leaf_count=39 34 21 24 46 40 24
internal_value=5.87665e-05 0.00336523 0.00667591 0.0146136 0.000977691 -0.0082433
internal_weight=51.7662 42.3996 37.1937 15.5427 21.651 14.2767
internal_count=228 189 168 70 98 64
is_linear=0
shrinkage=0.05


Tree=24
num_leaves=7
num_cat=0
split_feature=1 2 2 2 2 2
split_gain=0.954756 1.02125 2.7174 1.27994 3.1507 2.57877
threshold=-0.028029409135596307 0.0038812100596654123 0.0048906817016792078 0.0074082600425069041 0.0084339103522451109 0.011387444257348668
decision_type=2 2 2 2 2 2
left_child=-1 -2 -3 -4 -5 -6
right_child=1 2 3 4 5 -7
leaf_value=0.023100894351749657 0.018746504324980474 -0.035141030741002582 0.012237694875449623 -0.041608966711523483 0.027451849802556216 -0.012720529396370609
leaf_weight=4.135821819305419 5.2986683994531623 6.1917264312505713 14.444417312741278 5.0391681641340282 6.710439637303355 9.8713917285203916
leaf_count=21 22 25 66 21 32 41
internal_value=5.85295e-05 -0.00194541 -0.00453999 0.000713604 -0.00698534 0.00353668
internal_weight=51.6916 47.5558 42.2571 36.0654 21.621 16.5818
internal_count=228 207 185 160 94 73
is_linear=0
shrinkage=0.05


Tree=25
num_leaves=7
num_cat=0
split_feature=2 1 1 0 3 0
split_gain=0.921402 1.20363 1.21699 1.44391 1.80243 2.71504
threshold=0.0045269161522552464 0.032381796843904055 0.017582833971606142 0.0087241113447493867 -0.069662104222621965 -0.00059225414623883795
decision_type=2 2 2 2 2 2
left_child=-1 2 3 4 -2 -6
right_child=1 -3 -4 -5 5 -7
leaf_value=-0.014145620673323199 0.0095940705251617714 -0.019684162372528805 0.0264243961336607 0.025356572491448671 0.011775704591037148 -0.037111318819300416
leaf_weight=9.3470765799283964 13.582578524947168 5.0555239468812934 6.2589914053678504 5.5449216663837424 4.8004745841026306 6.9545575976371783
leaf_count=39 62 21 30 25 21 30
internal_value=5.82938e-05 0.00320461 0.00632011 0.00224556 -0.00281209 -0.017147
internal_weight=51.5441 42.197 37.1415 30.8825 25.3376 11.755
internal_count=228 189 168 138 113 51
is_linear=0
shrinkage=0.05


Tree=26
num_leaves=7
num_cat=0
split_feature=3 2 2 2 0 0
split_gain=0.880728 0.992148 1.77215 1.91862 2.30134 2.17008
threshold=-1.5038326353574847 0.0038812100596654123 0.0048906817016792078 0.0061945339105700997 0.0013618988111571419 0.0064829954210745399
decision_type=2 2 2 2 2 2
left_child=-1 -2 -3 -4 -5 -6
right_child=1 2 3 4 5 -7
leaf_value=0.022282802669458226 0.018532149188036213 -0.029760806133187202 0.023378601263690641 -0.020172229339199536 0.035360209768187982 -0.0053954619783129678
leaf_weight=4.102297216653823 5.2942094504833213 5.9329622387886038 6.9285217374563208 14.345725551247599 4.8483485281467429 10.008798137307165
leaf_count=21 22 24 34 62 21 44
internal_value=5.79942e-05 -0.00186716 -0.00443462 -0.000275926 -0.00588808 0.00790438
internal_weight=51.4609 47.3586 42.0644 36.1314 29.2029 14.8571
internal_count=228 207 185 161 127 65
is_linear=0
shrinkage=0.05


Tree=27
num_leaves=7
num_cat=0
split_feature=2 2 3 2 1 2
split_gain=0.848279 1.08915 0.748727 2.75042 2.69295 1.97034
threshold=0.0045269161522552464 0.016257979570199699 1.1296078457885945 0.0060095870878505006 0.011690559005419437 0.0093406034837972655
decision_type=2 2 2 2 2 2
left_child=-1 2 4 -4 5 -2
right_child=1 -3 3 -5 -6 -7
leaf_value=-0.01358556564226349 -0.0054425987972363168 -0.018353746619716924 0.022058507964229191 -0.034120125051656416 0.047537602005123664 0.026139013088802787
leaf_weight=9.3251538276672346 17.088579922914512 5.1932369470596305 4.2564464062452299 4.4632301032543182 4.0976810604333869 6.9461815059185019
leaf_count=39 76 21 20 20 20 32
internal_value=5.75431e-05 0.00308342 0.00610437 -0.00669694 0.0100721 0.00368467
internal_weight=51.3705 42.0454 36.8521 8.71968 28.1324 24.0348
internal_count=228 189 168 40 128 108
is_linear=0
shrinkage=0.05


Tree=28
num_leaves=7
num_cat=0
split_feature=3 1 1 1 3 3
split_gain=0.805161 0.998907 1.0934 1.29604 3.1811 2.89497
threshold=-1.5038326353574847 -0.011172344444771333 -0.0032316807233979451 0.0059099622654926404 0.94816686417984364 1.491102095883631
decision_type=2 2 2 2 2 2
left_child=-1 -2 -3 -4 -5 -6
right_child=1 2 3 4 5 -7
leaf_value=0.021426090452224711 -0.022974444313402276 0.021925070619034981 -0.017000574218597332 0.029180348450803303 -0.031188271800534226 0.0093757533497016987
leaf_weight=4.0596548765897742 4.9731626063585272 5.3128366470336905 10.699502065777777 8.3267351388931292 7.7699990719556835 10.136690258979796
leaf_count=21 21 24 45 39 33 45
internal_value=5.8442e-05 -0.00177865 0.00071652 -0.00233435 0.00364738 -0.00822563
internal_weight=51.2786 47.2189 42.2458 36.9329 26.2334 17.9067
internal_count=228 207 186 162 117 78
is_linear=0
shrinkage=0.05


Tree=29
num_leaves=7
num_cat=0
split_feature=3 3 3 1 3 0
split_gain=0.791203 2.69462 2.89403 3.14117 1.62168 0.770324
threshold=2.2434175963599308 1.491102095883631 0.94816686417984364 0.011690559005419437 0.19644428360238156 0.0048959991738485508
decision_type=2 2 2 2 2 2
left_child=1 2 3 4 5 -1
right_child=-2 -3 -4 -5 -6 -7
leaf_value=-0.00050434657224512772 -0.018721183075599907 0.036542692125480558 -0.029569126003671682 0.04299479127318398 -0.025171912961236071 0.022035923589469472
leaf_weight=18.032049179077156 5.0545801371335974 5.0603813529014579 7.7852783799171439 4.5295983999967566 5.9002307504415503 4.7993520200252524
leaf_count=81 21 24 33 22 26 21
internal_value=5.82695e-05 0.00211701 -0.00212713 0.00429608 -0.00180485 0.00423381
internal_weight=51.1615 46.1069 41.0465 33.2612 28.7316 22.8314
internal_count=228 207 183 150 128 102
is_linear=0
shrinkage=0.05


Tree=30
num_leaves=7
num_cat=0
split_feature=1 1 3 1 3 3
split_gain=0.756372 0.945298 1.00555 1.71307 2.74969 2.35111
threshold=-0.028029409135596307 -0.011172344444771333 -0.069662104222621965 0.0059099622654926404 0.94816686417984364 1.491102095883631
decision_type=2 2 2 2 2 2
left_child=-1 -2 -3 -4 -5 -6
right_child=1 2 3 4 5 -7
leaf_value=0.020891460561456698 -0.02229254552717819 0.017548693925640402 -0.022099235459918279 0.02752510860922059 -0.028047939457331961 0.0085297484091205172
leaf_weight=4.0144955962896338 4.9908515512943259 7.3316065073013297 8.6580407172441465 8.2077676206827181 7.7968221455812481 10.063635408878325
leaf_count=21 21 33 36 39 33 45
internal_value=5.8929e-05 -0.00171863 0.000722795 -0.00282958 0.00357045 -0.00743791
internal_weight=51.0632 47.0487 42.0579 34.7263 26.0682 17.8605
internal_count=228 207 186 153 117 78
is_linear=0
shrinkage=0.05


Tree=31
num_leaves=7
num_cat=0
split_feature=3 3 2 3 1 1
split_gain=0.748363 2.40116 2.60234 1.06968 2.41628 1.12904
threshold=2.2434175963599308 1.491102095883631 0.0045269161522552464 0.94816686417984364 0.011690559005419437 0.0039959076193303231
decision_type=2 2 2 2 2 2
left_child=1 2 -1 4 5 -4
right_child=-2 -3 3 -5 -6 -7
leaf_value=-0.039021177813865243 -0.018188241484187337 0.034842430232794479 0.0056020542622452728 -0.015850568693177143 0.040533371591164401 -0.021040885958151075
leaf_weight=4.2370056062936774 5.0609851330518714 4.982516109943389 20.7117427289486 6.6056458353996268 4.4155534356832495 4.9211596250534049
leaf_count=18 21 24 93 28 22 22
internal_value=5.84352e-05 0.00207149 -0.0019216 0.0023669 0.00637171 0.000486981
internal_weight=50.9346 45.8736 40.8911 36.6541 30.0485 25.6329
internal_count=228 207 183 165 137 115
is_linear=0
shrinkage=0.05


Tree=32
num_leaves=7
num_cat=0
split_feature=3 2 2 2 0 0
split_gain=0.798953 0.941827 1.76438 1.6743 2.09129 2.09783
threshold=-1.6489154215855784 0.0038812100596654123 0.0048906817016792078 0.0061945339105700997 0.0013618988111571419 0.0064829954210745399
decision_type=2 2 2 2 2 2
left_child=-1 -2 -3 -4 -5 -6
right_child=1 2 3 4 5 -7
leaf_value=0.023623277318138076 0.01833437783162167 -0.028937778235871056 0.022449940465186016 -0.018598592768978555 0.03540006435480595 -0.0048566759293050274
leaf_weight=3.3592364788055411 5.2633498460054389 6.112641528248786 6.8059736490249625 14.471840783953668 4.7768605798482886 10.03376519680023
leaf_count=18 22 25 34 63 21 45
internal_value=5.86028e-05 -0.00160916 -0.00409653 0.000111068 -0.00508104 0.0081273
internal_weight=50.8237 47.4644 42.2011 36.0884 29.2825 14.8106
internal_count=228 210 188 163 129 66
is_linear=0
shrinkage=0.05


Tree=33
num_leaves=7
num_cat=0
split_feature=1 1 3 2 1 0
split_gain=0.735162 2.76716 1.34929 0.969397 2.54455 0.684045
threshold=0.016202522425198918 0.011690559005419437 0.19644428360238156 0.0088360896120282702 0.022382491915261642 0.0048959991738485508
decision_type=2 2 2 2 2 2
left_child=1 2 5 4 -2 -1
right_child=3 -3 -4 -5 -6 -7
leaf_value=-0.00035042874284073805 -0.025272281025441046 0.037968438386451142 -0.021198072673763106 -0.024307958666049814 0.025652918534842944 0.020961533474017639
leaf_weight=17.95394170284272 4.7619710713624972 5.1500407159328452 6.8496256470680228 6.1873499900102606 5.0587446987628937 4.7642148733139029
leaf_count=81 22 24 30 27 23 21
internal_value=5.79124e-05 0.00414524 -0.00174599 -0.00880657 0.000959777 0.00411889
internal_weight=50.7259 34.7178 29.5678 16.0081 9.82072 22.7182
internal_count=228 156 132 72 45 102
is_linear=0
shrinkage=0.05


Tree=34
num_leaves=7
num_cat=0
split_feature=3 2 2 2 0 0
split_gain=0.727078 0.859091 1.67836 1.50187 1.87645 1.92877
threshold=-1.6489154215855784 0.0038812100596654123 0.0048906817016792078 0.0061945339105700997 0.0013618988111571419 0.0064829954210745399
decision_type=2 2 2 2 2 2
left_child=-1 -2 -3 -4 -5 -6
right_child=1 2 3 4 5 -7
leaf_value=0.022677490832930334 0.017562242754521513 -0.028145679386669471 0.021481170429614282 -0.017451765492224498 0.034129572964318088 -0.0045710218552908518
leaf_weight=3.319851726293563 5.2415393739938727 6.1047123074531546 6.7424805760383597 14.525710418820383 4.7428024113178244 10.023625805974005
leaf_count=18 22 25 34 63 21 45
internal_value=5.73268e-05 -0.00152761 -0.00390212 0.000205044 -0.00469231 0.00785915
internal_weight=50.7007 47.3809 42.1393 36.0346 29.2921 14.7664
internal_count=228 210 188 163 129 66
is_linear=0
shrinkage=0.05


Tree=35
num_leaves=7
num_cat=0
split_feature=3 3 2 0 2 0
split_gain=0.705728 2.06328 2.39928 2.88579 1.60393 1.02236
threshold=2.2434175963599308 1.491102095883631 0.005768311201236445 -0.0017833848010210542 0.0066345835094731897 -0.005652451223546213
decision_type=2 2 2 2 2 2
left_child=1 2 3 -1 -4 -6
right_child=-2 -3 4 -5 5 -7
leaf_value=0.0021505870208940415 -0.017685656232437241 0.032801280772721264 0.032918999613863152 -0.051179964096099387 -0.013167709021586907 0.0077383379858511755
leaf_weight=5.4537692219018936 5.0459043681621543 4.8634200394153586 4.501411825418475 4.7423043549060804 8.885418429970743 17.106312647461891
leaf_count=25 21 24 21 20 39 78
internal_value=5.65217e-05 0.00202184 -0.00165711 -0.022654 0.00536369 0.000591489
internal_weight=50.5985 45.5526 40.6892 10.1961 30.4931 25.9917
internal_count=228 207 183 45 138 117
is_linear=0
shrinkage=0.05


Tree=36
num_leaves=7
num_cat=0
split_feature=1 1 3 0 1 2
split_gain=0.730767 2.5828 1.22168 0.875284 0.642351 1.20759
threshold=0.016202522425198918 0.011690559005419437 0.19644428360238156 0.00559062626075144 1.0000000180025095e-35 0.0075137588251503471
decision_type=2 2 2 2 2 2
left_child=1 2 4 -2 5 -1
right_child=3 -3 -4 -5 -6 -7
leaf_value=0.013656456055721626 0.001630215849700227 0.037108196066066551 -0.020046788932309743 -0.02196068998819212 0.019927671939644651 -0.012571241866124964
leaf_weight=8.1851218491792768 8.8937212228775007 5.0696085244417182 6.8391393721103659 7.0475837588310233 4.9797789901494971 9.4623163193464261
leaf_count=38 41 24 30 31 21 43
internal_value=5.57126e-05 0.00414302 -0.00152855 -0.00879922 0.00406864 -0.000406479
internal_weight=50.4773 34.536 29.4664 15.9413 22.6272 17.6474
internal_count=228 156 132 72 102 81
is_linear=0
shrinkage=0.05


Tree=37
num_leaves=7
num_cat=0
split_feature=1 1 3 2 1 0
split_gain=0.659413 2.35467 1.09937 0.813445 2.47431 0.655377
threshold=0.016202522425198918 0.011690559005419437 0.19644428360238156 0.0088360896120282702 0.022382491915261642 -0.0039642570010690074
decision_type=2 2 2 2 2 2
left_child=1 2 5 4 -2 -1
right_child=3 -3 -4 -5 -6 -7
leaf_value=0.011808660095012724 -0.025189350469823027 0.035583518930303669 -0.018980406997025932 -0.022492718711888848 0.025204345199038039 -0.0052574780246549407
leaf_weight=12.092040225863459 4.7486227452754957 5.0236774533987036 6.8616174906492224 6.2100552022457114 5.0011342316865921 10.519339233636858
leaf_count=55 22 24 30 27 23 47
internal_value=5.47797e-05 0.00394268 -0.0014505 -0.00834881 0.000660077 0.0038691
internal_weight=50.4565 34.4967 29.473 15.9598 9.74976 22.6114
internal_count=228 156 132 72 45 102
is_linear=0
shrinkage=0.05


Tree=38
num_leaves=7
num_cat=0
split_feature=1 1 1 2 2 2
split_gain=0.772142 1.81781 1.34234 0.867185 1.39931 1.59194
threshold=-0.030667810519554629 -0.014224877642515446 -0.0078869963037194596 0.011387444257348668 0.0082962643365259697 0.006950340152488888
decision_type=2 2 2 2 2 2
left_child=-1 -2 -3 4 5 -4
right_child=1 2 3 -5 -6 -7
leaf_value=0.023417910537542889 -0.033249160526466232 0.029269125416973647 0.0034526806805347306 -0.016222547338018478 0.023507896099324549 -0.027958943420668216
leaf_weight=3.3045577108860007 4.1347410827875128 3.9418876916170111 19.880020469427116 7.8310839384794226 6.2671163082122794 5.0602157264947882
leaf_count=18 18 18 89 33 31 21
internal_value=5.4194e-05 -0.00158449 0.00146168 -0.00134617 0.00238687 -0.00292054
internal_weight=50.4196 47.1151 42.9803 39.0384 31.2074 24.9402
internal_count=228 210 192 174 141 110
is_linear=0
shrinkage=0.05


Tree=39
num_leaves=7
num_cat=0
split_feature=1 1 1 2 2 2
split_gain=0.704568 1.6311 1.22191 0.782193 1.27551 1.43215
threshold=-0.030667810519554629 -0.014224877642515446 -0.0078869963037194596 0.011387444257348668 0.0082962643365259697 0.006950340152488888
decision_type=2 2 2 2 2 2
left_child=-1 -2 -3 4 5 -4
right_child=1 2 3 -5 -6 -7
leaf_value=0.022504768695958143 -0.03140609018009332 0.028041599475432416 0.0032821260000030468 -0.015397994610572974 0.022556692502964392 -0.026476319491049945
leaf_weight=3.2676683366298667 4.1578985303640357 3.9095609337091437 19.867747068405158 7.8377325981855384 6.2064059227704993 5.0759752392768851
leaf_count=18 18 18 89 33 31 21
internal_value=5.38732e-05 -0.00150519 0.001393 -0.00127922 0.00227323 -0.00277363
internal_weight=50.323 47.0553 42.8974 38.9879 31.1501 24.9437
internal_count=228 210 192 174 141 110
is_linear=0
shrinkage=0.05


Tree=40
num_leaves=7
num_cat=0
split_feature=2 2 3 1 1 1
split_gain=0.671195 0.837445 1.04649 2.34162 1.13522 0.89667
threshold=0.0045269161522552464 0.0049862543122295684 0.94816686417984364 0.011690559005419437 0.0039959076193303231 -0.016348530457521489
decision_type=2 2 2 2 2 2
left_child=-1 -2 3 4 5 -3
right_child=1 2 -4 -5 -6 -7
leaf_value=-0.012206129502011272 0.02590865093005202 -0.013428376013303876 -0.013549621274012928 0.039597740208083043 -0.022552024221786364 0.0113694103396188
leaf_weight=9.1341353207826597 3.5730160921812049 4.9471301585435894 9.7162891775369626 4.2656457424163809 4.7331013530492774 13.854250013828283
leaf_count=39 15 25 45 22 21 61
internal_value=5.33454e-05 0.00277861 0.000575737 0.00551262 -0.000665334 0.00484447
internal_weight=50.2236 41.0894 37.5164 27.8001 23.5345 18.8014
internal_count=228 189 174 129 107 86
is_linear=0
shrinkage=0.05


Tree=41
num_leaves=7
num_cat=0
split_feature=1 1 1 2 0 0
split_gain=0.679 1.44861 1.0723 0.787923 1.52802 1.87337
threshold=-0.030667810519554629 -0.014224877642515446 -0.0078869963037194596 0.0038812100596654123 0.0087241113447493867 0.0053601375496407531
decision_type=2 2 2 2 2 2
left_child=-1 -2 -3 -4 5 -5
right_child=1 2 3 4 -6 -7
leaf_value=0.022143529783635402 -0.029579293169173421 0.026387816523052905 0.016883135144527855 -0.0032347161492493719 0.014678772839557 -0.036948038262936404
leaf_weight=3.2530900388956061 4.1778862327337256 3.8643070310354224 5.2022125124931327 20.279684454202656 8.2480848133563978 5.1713731884956351
leaf_count=18 18 18 22 92 38 22
internal_value=5.29299e-05 -0.0014779 0.00126739 -0.00122797 -0.00402382 -0.0100849
internal_weight=50.1966 46.9435 42.7657 38.9014 33.6991 25.4511
internal_count=228 210 192 174 152 114
is_linear=0
shrinkage=0.05


Tree=42
num_leaves=7
num_cat=0
split_feature=3 1 0 0 0 1
split_gain=0.650382 0.857459 0.81986 2.88069 2.82979 2.12777
threshold=-1.5038326353574847 -0.011172344444771333 0.0057540617764893802 0.0087241113447493867 0.0017122263340489487 0.016202522425198918
decision_type=2 2 2 2 2 2
left_child=-1 -2 4 -4 -3 -5
right_child=1 2 3 5 -6 -7
leaf_value=0.019693307680826423 -0.02125898110442034 -0.0033526813716852899 -0.040964199135125105 0.033220109789944927 0.033917483941417859 -0.015826226128002902
leaf_weight=3.8878103196620932 4.9523323923349372 20.996167898178104 4.6988864988088599 4.2100341469049436 6.7240049839019767 4.6578743457794189
leaf_count=21 21 94 20 20 31 21
internal_value=5.19734e-05 -0.00159947 0.000758665 -0.0093128 0.00568784 0.00745849
internal_weight=50.1271 46.2393 41.287 13.5668 27.7202 8.86791
internal_count=228 207 186 61 125 41
is_linear=0
shrinkage=0.05


Tree=43
num_leaves=7
num_cat=0
split_feature=2 2 2 1 1 0
split_gain=0.610603 0.788961 1.8281 1.45731 1.89502 0.935048
threshold=0.0045269161522552464 0.0074082600425069041 0.0082962643365259697 0.022382491915261642 0.0012521805562224831 0.00057005256410702307
decision_type=2 2 2 2 2 2
left_child=-1 5 -3 4 -4 -2
right_child=1 2 3 -5 -6 -7
leaf_value=-0.011655657580284256 0.023245623241639621 -0.030498544815088881 -0.0028318819410796604 -0.016876795966846873 0.035997675725967959 -0.00010566313965787501
leaf_weight=9.1099715828895551 8.045131519436838 4.8892433345317867 7.6269116699695605 5.860771805047988 5.3436675220727921 9.1772475540637952
leaf_count=39 38 21 35 25 27 43
internal_value=5.18837e-05 0.00265686 -0.00325729 0.00381545 0.0131653 0.0108025
internal_weight=50.0529 40.943 23.7206 18.8314 12.9706 17.2224
internal_count=228 189 108 87 62 81
is_linear=0
shrinkage=0.05


Tree=44
num_leaves=7
num_cat=0
split_feature=1 1 1 2 0 1
split_gain=0.617146 1.3001 0.98207 0.778003 1.36245 1.54026
threshold=-0.030667810519554629 -0.014224877642515446 -0.0078869963037194596 0.0038812100596654123 0.0087241113447493867 0.017582833971606142
decision_type=2 2 2 2 2 2
left_child=-1 -2 -3 -4 5 -5
right_child=1 2 3 4 -6 -7
leaf_value=0.021267748334904912 -0.028017566241367659 0.025379745204534718 0.01681274554250389 -0.017978699524821309 0.013788015844564783 0.0086195080917378011
leaf_weight=3.2075848579406729 4.1787232458591452 3.824702560901641 5.2025255858898154 17.460911482572559 8.1713610589504224 7.907930687069892
leaf_count=18 18 18 22 77 38 37
internal_value=5.17282e-05 -0.00140405 0.00120852 -0.00117768 -0.00396823 -0.00968755
internal_weight=49.9537 46.7462 42.5674 38.7427 33.5402 25.3688
internal_count=228 210 192 174 152 114
is_linear=0
shrinkage=0.05


Tree=45
num_leaves=7
num_cat=0
split_feature=3 1 0 0 0 1
split_gain=0.596439 0.775018 0.777771 2.57575 2.47134 1.90652
threshold=-1.5038326353574847 -0.011172344444771333 0.0057540617764893802 0.0017122263340489487 0.0087241113447493867 0.016202522425198918
decision_type=2 2 2 2 2 2
left_child=-1 -2 3 -3 -4 -6
right_child=1 2 4 -5 5 -7
leaf_value=0.01898092412704095 -0.02022083483530742 -0.0030836975757506284 -0.038361940295363835 0.032600383447792695 0.031269473387101496 -0.015397842873570431
leaf_weight=3.8407803475856772 4.9489921778440467 20.950384676456455 4.7047404348850241 6.6660744845867148 4.1305652260780317 4.6549383401870728
leaf_count=21 21 94 20 31 20 21
internal_value=5.09527e-05 -0.0015277 0.00072284 0.00552974 -0.00911758 0.00654312
internal_weight=49.8965 46.0557 41.1067 27.6165 13.4902 8.7855
internal_count=228 207 186 125 61 41
is_linear=0
shrinkage=0.05


Tree=46
num_leaves=7
num_cat=0
split_feature=0 0 0 0 2 3
split_gain=0.576237 2.01913 1.55671 2.05738 1.00139 1.64717
threshold=-0.012284494272621379 -0.0083022587892329375 -0.003673617491493468 -0.0015723746177806047 0.0057178241220332523 1.5819369237467813
decision_type=2 2 2 2 2 2
left_child=-1 -2 -3 -4 5 -5
right_child=1 2 3 4 -6 -7
leaf_value=0.018784580895402719 -0.035102116962744588 0.022857892840033089 -0.033971812206390485 -0.032570955148494979 0.0086256441185180409 0.0077205823251904424
leaf_weight=3.7922537922859183 4.073286145925521 7.2411645054817191 4.5494517087936357 4.6557825207710319 19.931563496589661 5.5728208422660828
leaf_count=18 18 33 21 20 94 24
internal_value=5.06719e-05 -0.00149295 0.00177039 -0.00262891 0.00209895 -0.010619
internal_weight=49.8163 46.0241 41.9508 34.7096 30.1602 10.2286
internal_count=228 210 192 159 138 44
is_linear=0
shrinkage=0.05


Tree=47
num_leaves=7
num_cat=0
split_feature=1 1 2 1 1 2
split_gain=0.578716 1.98071 0.791351 1.75166 1.58567 0.679744
threshold=0.016202522425198918 0.011690559005419437 0.0093406034837972655 0.0010426606577758934 -0.0042006701406680667 0.0088360896120282702
decision_type=2 2 2 2 2 2
left_child=1 2 3 4 -1 -2
right_child=5 -3 -4 -5 -6 -7
leaf_value=-0.0088058234022129912 0.00041044667747041605 0.033341278072878587 0.011695003082425673 -0.026302802355864768 0.026911506447917379 -0.02084781118342138
leaf_weight=8.516608387231825 9.6844899058341962 4.8424265831708899 8.4481348544359189 7.2331478744745246 4.8924295604229036 6.1472815275192252
leaf_count=41 45 24 39 31 21 27
internal_value=4.99572e-05 0.00373293 -0.00119573 -0.00647146 0.00422602 -0.00784387
internal_weight=49.7645 33.9327 29.0903 20.6422 13.409 15.8318
internal_count=228 156 132 93 62 72
is_linear=0
shrinkage=0.05


Tree=48
num_leaves=7
num_cat=0
split_feature=3 1 1 2 2 3
split_gain=0.569704 1.57204 0.91599 0.716527 1.01219 1.22316
threshold=-1.5038326353574847 -0.014224877642515446 -0.0078869963037194596 0.011387444257348668 0.0082962643365259697 1.491102095883631
decision_type=2 2 2 2 2 2
left_child=-1 -2 -3 4 5 -4
right_child=1 2 3 -5 -6 -7
leaf_value=0.018626847283777455 -0.033575543416865319 0.024626908919821569 -0.010305299356571568 -0.014686542500959727 0.020663246811417308 0.013007238339205611
leaf_weight=3.810383513569831 3.5250627398490897 3.7913358509540549 16.136450216174133 7.7802328169345847 6.0318474024534217 8.6388449519872648
leaf_count=21 15 18 70 33 31 40
internal_value=4.90366e-05 -0.00149307 0.00117555 -0.00112862 0.00229538 -0.0021765
internal_weight=49.7142 45.9038 42.3787 38.5874 30.8071 24.7753
internal_count=228 207 192 174 141 110
is_linear=0
shrinkage=0.05


Tree=49
num_leaves=7
num_cat=0
split_feature=3 1 3 1 3 3
split_gain=0.735513 1.4715 0.80571 1.83605 2.1373 1.80115
threshold=-1.8903032487471119 -0.016348530457521489 0.94816686417984364 0.0059099622654926404 0.05547713216210727 1.4124768558892697
decision_type=2 2 2 2 2 2
left_child=-1 -2 3 4 -3 -4
right_child=1 2 5 -5 -6 -7
leaf_value=0.026302292608579404 -0.033503106912073748 0.0081975324371520251 -0.030791389737850949 0.02684280382678856 -0.030317104515607762 0.0037150713028137015
leaf_weight=2.5315864086151114 3.3109043836593619 13.580585092306142 5.5484682917594936 7.8517470061779013 4.9023656994104376 11.876414075493811
leaf_count=15 15 60 24 39 21 54
internal_value=4.8431e-05 -0.00136358 0.00106814 0.00658692 -0.00201798 -0.00727255
internal_weight=49.6021 47.0705 43.7596 26.3347 18.483 17.4249
internal_count=228 213 198 120 81 78
is_linear=0
shrinkage=0.05


Tree=50
num_leaves=7
num_cat=0
split_feature=3 1 1 2 1 3
split_gain=0.673272 1.31891 0.772201 0.684673 0.948181 2.63122
threshold=-1.8903032487471119 -0.016348530457521489 -0.0093783701004353532 0.0038812100596654123 0.0059099622654926404 0.94816686417984364
decision_type=2 2 2 2 2 2
left_child=-1 -2 -3 -4 -5 -6
right_child=1 2 3 4 5 -7
leaf_value=0.025353547488695255 -0.031614355870064254 0.020315369592353145 0.015695207039758807 -0.014713528490128087 0.025737263673078117 -0.010781821037547504
leaf_weight=2.4959285110235205 3.3326908499002448 4.6340691447257987 5.1593042016029349 12.619537666440008 7.7813946604728725 13.47170642018318
leaf_count=15 15 21 22 55 39 61
internal_value=4.81526e-05 -0.00129572 0.00101826 -0.00127279 -0.00385726 0.00258891
internal_weight=49.4946 46.9987 43.666 39.0319 33.8726 21.2531
internal_count=228 213 198 177 155 100
is_linear=0
shrinkage=0.05


Tree=51
num_leaves=7
num_cat=0
split_feature=3 3 2 0 2 2
split_gain=0.62267 1.72413 2.17318 2.26127 1.32082 0.987089
threshold=2.2434175963599308 1.491102095883631 0.005768311201236445 -0.0017833848010210542 0.0066345835094731897 0.0095489918866138081
decision_type=2 2 2 2 2 2
left_child=1 2 3 -1 -4 -6
right_child=-2 -3 4 -5 5 -7
leaf_value=0.0005898837399477922 -0.016613471884855017 0.030503276541438275 0.030809969724366892 -0.047064369831468549 -0.0091336082772936859 0.010619955029726132
leaf_weight=5.3429739028215408 5.035980060696601 4.7207773327827445 4.3434979915618923 4.6609937995672208 12.370047464966776 12.939543500542639
leaf_count=25 21 24 21 20 57 60
internal_value=4.80899e-05 0.00193884 -0.00146147 -0.0216129 0.00533696 0.000965413
internal_weight=49.4138 44.3778 39.6571 10.004 29.6531 25.3096
internal_count=228 207 183 45 138 117
is_linear=0
shrinkage=0.05


Tree=52
num_leaves=7
num_cat=0
split_feature=3 1 1 1 2 2
split_gain=0.616874 1.2121 0.758576 1.58765 1.48404 2.17744
threshold=-1.8903032487471119 -0.016348530457521489 0.016202522425198918 0.011690559005419437 0.0093406034837972655 0.0074082600425069041
decision_type=2 2 2 2 2 2
left_child=-1 -2 3 4 5 -3
right_child=1 2 -4 -5 -6 -7
leaf_value=0.02447729238286684 -0.030211225549148624 0.0055141443909651026 -0.007776038055601721 0.032384800489311326 0.022303500390699546 -0.032455210373866235
leaf_weight=2.4553039819002143 3.3505038917064658 11.601966351270685 15.725253164768217 4.7207053303718558 5.8535849303007117 5.5976734161376944
leaf_count=15 15 52 72 24 26 24
internal_value=4.72971e-05 -0.00123303 0.000998998 0.00596731 0.000557696 -0.00684309
internal_weight=49.305 46.8497 43.4992 27.7739 23.0532 17.1996
internal_count=228 213 198 126 102 76
is_linear=0
shrinkage=0.05


Tree=53
num_leaves=7
num_cat=0
split_feature=0 0 1 0 0 1
split_gain=0.714396 1.77944 1.53333 0.839627 1.94262 1.01961
threshold=-0.01323802388551675 -0.0083022587892329375 -0.02510843154155561 -0.0048628626029109615 -0.0015723746177806047 0.0059099622654926404
decision_type=2 2 2 2 2 2
left_child=-1 -2 -3 -4 -5 -6
right_child=1 2 3 4 5 -7
leaf_value=0.022920793072165175 -0.031049840601820262 0.037751865063853071 0.01909189758996915 -0.031736241418393672 -0.013157446417227096 0.0075297425649977975
leaf_weight=3.1922988742589942 4.5979067534208289 2.7583921402692786 4.6519185006618491 5.1840170025825456 8.4025178104639107 20.45845802128315
leaf_count=15 21 15 21 23 37 96
internal_value=4.71958e-05 -0.00153835 0.00173484 -0.000832522 -0.003555 0.00150692
internal_weight=49.2455 46.0532 41.4553 38.6969 34.045 28.861
internal_count=228 213 192 177 156 133
is_linear=0
shrinkage=0.05


Tree=54
num_leaves=7
num_cat=0
split_feature=2 3 1 2 0 2
split_gain=0.579897 1.1694 1.4225 1.44503 1.94328 1.40674
threshold=0.0045269161522552464 -1.5038326353574847 -0.014224877642515446 0.0066345835094731897 0.0010952302610972961 0.0082962643365259697
decision_type=2 2 2 2 2 2
left_child=-1 -2 -3 4 -4 -5
right_child=1 2 3 5 -6 -7
leaf_value=-0.011480184918355802 0.033353021050886236 -0.029898076696741046 0.04069479861717698 -0.021362100262544859 -0.0013904549189603082 0.0049825564551907462
leaf_weight=8.9297944456338865 2.8714362233877173 3.5436494201421729 5.1471469104289991 7.5926631987094906 5.8722943514585495 15.234400302171705
leaf_count=39 17 15 25 33 28 71
internal_value=4.70622e-05 0.00260374 0.000242301 0.00339793 0.0182674 -0.00378012
internal_weight=49.1914 40.2616 37.3902 33.8465 11.0194 22.8271
internal_count=228 189 172 157 53 104
is_linear=0
shrinkage=0.05


Tree=55
num_leaves=7
num_cat=0
split_feature=0 0 1 0 0 1
split_gain=0.660838 1.61944 1.38528 0.753147 2.44135 0.897989
threshold=-0.01323802388551675 -0.0083022587892329375 -0.02510843154155561 -0.003673617491493468 -0.0015723746177806047 0.0059099622654926404
decision_type=2 2 2 2 2 2
left_child=-1 -2 -3 -4 -5 -6
right_child=1 2 3 4 5 -7
leaf_value=0.022140920315832716 -0.029589651921541338 0.036345020770425257 0.016227213004579234 -0.039153667286247439 -0.012178379107023431 0.0072344666976848484
leaf_weight=3.1663206815719596 4.6083205193281165 2.6911469846963874 5.5840996205806723 4.21831095218658 8.4103540480136925 20.422032952308655
leaf_count=15 21 15 25 19 37 96
internal_value=4.73826e-05 -0.00147556 0.00165949 -0.00075657 -0.00362607 0.00157178
internal_weight=49.1006 45.9343 41.3259 38.6348 33.0507 28.8324
internal_count=228 213 192 177 152 133
is_linear=0
shrinkage=0.05


Tree=56
num_leaves=7
num_cat=0
split_feature=1 1 0 3 1 2
split_gain=0.576099 1.62145 0.678784 0.676358 0.803828 0.969394
threshold=0.016202522425198918 0.011690559005419437 0.00559062626075144 0.19644428360238156 1.0000000180025095e-35 0.0075137588251503471
decision_type=2 2 2 2 2 2
left_child=1 3 -2 4 5 -1
right_child=2 -3 -4 -5 -6 -7
leaf_value=0.011330244123244562 0.001442661488433551 0.031056303783519881 -0.019479384214925385 -0.014587833103793902 0.021374596512711931 -0.012587287434961018
leaf_weight=7.8490512073040106 8.7286984324455243 4.6789939850568762 6.9741728454828253 6.7054092586040488 4.9129125177860251 9.2047355920076352
leaf_count=38 41 24 31 30 21 43
internal_value=4.72004e-05 0.00376525 -0.00784952 -0.000688364 0.0035545 -0.00157918
internal_weight=49.054 33.3511 15.7029 28.6721 21.9667 17.0538
internal_count=228 156 72 132 102 81
is_linear=0
shrinkage=0.05


Tree=57
num_leaves=7
num_cat=0
split_feature=3 1 3 3 3 2
split_gain=0.54337 1.72713 1.62228 1.32423 1.20677 0.546792
threshold=0.94816686417984364 0.0059099622654926404 1.4124768558892697 0.05547713216210727 2.2434175963599308 0.0078530037193365026
decision_type=2 2 2 2 2 2
left_child=1 3 -2 5 -4 -1
right_child=2 -3 4 -5 -6 -7
leaf_value=0.011445268107560507 -0.029422812957127755 0.024628038400344578 0.017241382488085957 -0.025950952309089503 -0.015096859795990772 -0.0054404521254273613
leaf_weight=9.8898546695709317 5.528828993439677 7.6512352377176276 6.7427903264760953 4.8628809601068488 5.0422168076038361 9.305057689547537
leaf_count=47 24 39 33 21 21 43
internal_value=4.62341e-05 0.003936 -0.00707759 -0.0026448 0.00340546 0.00325963
internal_weight=49.0229 31.709 17.3138 24.0578 11.785 19.1949
internal_count=228 150 78 111 54 90
is_linear=0
shrinkage=0.05


Tree=58
num_leaves=7
num_cat=0
split_feature=2 3 1 2 0 2
split_gain=0.507763 1.02438 1.59605 1.24392 1.91313 1.85427
threshold=0.0045269161522552464 -1.5038326353574847 -0.015261711799588362 0.0074082600425069041 0.00057005256410702307 0.0084339103522451109
decision_type=2 2 2 2 2 2
left_child=-1 -2 -3 4 -4 -5
right_child=1 2 3 5 -6 -7
leaf_value=-0.010763600609731135 0.031665213782402467 -0.034351037862687749 0.036441132558782938 -0.033217540094081177 -0.0002503887117639292 0.0034971603923803895
leaf_weight=8.8902381807565671 2.7905407696962348 3.0579246878623954 5.8659120351076117 4.4779981821775463 9.0087769627571088 14.822026565670965
leaf_count=39 17 13 28 19 43 69
internal_value=4.5405e-05 0.00244638 0.000256464 0.00335311 0.0142191 -0.0050214
internal_weight=48.9134 40.0232 37.2326 34.1747 14.8747 19.3
internal_count=228 189 172 159 71 88
is_linear=0
shrinkage=0.05


Tree=59
num_leaves=7
num_cat=0
split_feature=0 0 1 2 2 1
split_gain=0.636259 1.50715 1.28455 0.648106 3.03067 0.781903
threshold=-0.01323802388551675 -0.0083022587892329375 -0.02510843154155561 0.0038812100596654123 0.0045269161522552464 0.0012521805562224831
decision_type=2 2 2 2 2 2
left_child=-1 -2 -3 -4 -5 -6
right_child=1 2 3 4 5 -7
leaf_value=0.021797732678388328 -0.028641827368412271 0.035378633843403666 0.015850941459342554 -0.049327482772288093 -0.010346007677718802 0.0070679535942390946
leaf_weight=3.1451218947768202 4.5851396471261969 2.6314353942871085 5.1095724254846564 3.2264109402894965 9.3480554223060626 20.764919742941856
leaf_count=15 21 15 22 14 42 99
internal_value=4.54322e-05 -0.00145271 0.00158197 -0.000731067 -0.00327241 0.00166209
internal_weight=48.8107 45.6655 41.0804 38.449 33.3394 30.113
internal_count=228 213 192 177 155 141
is_linear=0
shrinkage=0.05


Tree=60
num_leaves=7
num_cat=0
split_feature=1 1 1 2 2 1
split_gain=0.536538 1.46472 0.823286 1.47561 0.628697 1.20177
threshold=0.016202522425198918 0.011690559005419437 0.01962604214929051 0.0088360896120282702 0.0093406034837972655 0.0010426606577758934
decision_type=2 2 2 2 2 2
left_child=1 4 -2 -4 5 -1
right_child=2 -3 3 -5 -6 -7
leaf_value=0.0036197725920184263 -0.028178015172415249 0.029858595678162216 0.015164478572704324 -0.020106806247780547 0.011023739935758052 -0.021950157260548799
leaf_weight=13.126489184796815 3.7049310952424994 4.5913890302181235 6.3937231153249723 5.5300666689872742 8.2866940572857839 7.0702333003282538
leaf_count=62 18 24 30 24 39 31
internal_value=4.37926e-05 0.00365127 -0.00759065 -0.00119379 -0.000573227 -0.00533145
internal_weight=48.7035 33.0748 15.6287 11.9238 28.4834 20.1967
internal_count=228 156 72 54 132 93
is_linear=0
shrinkage=0.05


Tree=61
num_leaves=7
num_cat=0
split_feature=3 1 3 3 3 0
split_gain=0.513028 1.57352 1.42617 1.07555 1.06422 0.530724
threshold=0.94816686417984364 0.0059099622654926404 1.4124768558892697 2.2434175963599308 0.05547713216210727 -0.0039642570010690074
decision_type=2 2 2 2 2 2
left_child=1 4 -2 -4 5 -1
right_child=2 -3 3 -5 -6 -7
leaf_value=0.0095613941881036949 -0.027874421784325334 0.023726056328566544 0.016149081971234762 -0.014485561447806376 -0.023449272854558799 -0.0075216388256735536
leaf_weight=11.579868979752069 5.5086542963981655 7.5573258697986594 6.6667605340480787 5.0244431644678116 4.8169978260993949 7.4854870587587383
leaf_count=55 24 39 33 21 21 35
internal_value=4.31055e-05 0.00384123 -0.0068995 0.00298346 -0.00245112 0.00285421
internal_weight=48.6395 31.4397 17.1999 11.6912 23.8824 19.0654
internal_count=228 150 78 54 111 90
is_linear=0
shrinkage=0.05


Tree=62
num_leaves=7
num_cat=0
split_feature=3 1 2 2 1 2
split_gain=0.774088 1.20084 1.05364 1.5829 0.937853 1.25379
threshold=-2.2216885283459864 -0.016348530457521489 0.003067323183325804 0.0045269161522552464 -0.0093783701004353532 0.0060095870878505006
decision_type=2 2 2 2 2 2
left_child=-1 -2 -3 -4 -5 -6
right_child=1 2 3 4 5 -7
leaf_value=0.032813247736717448 -0.027957846882878303 0.035906311429705705 -0.02389426008457976 0.025355013542273624 0.019147824355582571 -0.0050386338465833111
leaf_weight=1.7374721318483342 3.8414622321724883 2.0832586586475363 6.1647959798574439 4.3351963013410524 6.9476584643125596 23.421487003564835
leaf_count=12 18 9 27 20 34 108
internal_value=4.22654e-05 -0.00117453 0.00122084 -0.000547211 0.0036001 0.000494589
internal_weight=48.5313 46.7939 42.9524 40.8691 34.7043 30.3691
internal_count=228 216 198 189 162 142
is_linear=0
shrinkage=0.05


Tree=63
num_leaves=7
num_cat=0
split_feature=0 0 0 0 2 0
split_gain=0.517997 1.417 1.09673 1.74603 0.935096 1.439
threshold=-0.01323802388551675 -0.0083022587892329375 -0.003673617491493468 -0.0015723746177806047 0.0057178241220332523 0.010074524353369021
decision_type=2 2 2 2 2 2
left_child=-1 -2 -3 -4 -5 -6
right_child=1 2 3 4 5 -7
leaf_value=0.019775346599399724 -0.027698172457275873 0.019785220910614645 -0.031116245566032808 -0.010088548339729747 0.018780958151825605 -0.0097344168527921833
leaf_weight=3.1120098307728759 4.5748447030782691 6.9205176755785933 4.4850339889526323 9.9453880488872581 12.596086576581003 6.8196024149656287
leaf_count=15 21 33 21 44 61 33
internal_value=4.21019e-05 -0.00131229 0.00164874 -0.00205962 0.0023789 0.00876517
internal_weight=48.4535 45.3415 40.7666 33.8461 29.3611 19.4157
internal_count=228 213 192 159 138 94
is_linear=0
shrinkage=0.05


Tree=64
num_leaves=7
num_cat=0
split_feature=0 0 0 3 0 0
split_gain=0.44017 1.86206 1.48276 1.34945 1.16948 0.917747
threshold=0.0013618988111571419 0.0057540617764893802 0.0087241113447493867 0.6232774598325822 -0.0032400926870496259 -0.0083022587892329375
decision_type=2 2 2 2 2 2
left_child=4 -2 -3 -4 5 -1
right_child=1 2 3 -5 -6 -7
leaf_value=-0.0080475564991902161 0.025518106455560102 -0.027718378249385181 0.026111019765365645 -0.011399972678680075 -0.017116813755009098 0.016062110605938127
leaf_weight=7.6910040304064742 7.4868809729814556 4.8562924265861502 4.5097075849771482 5.1193814873695374 10.641791939735411 8.1085147932171839
leaf_count=36 36 21 22 24 50 39
internal_value=4.18732e-05 0.00527186 -0.00519257 0.006168 -0.00430415 0.00432583
internal_weight=48.4136 21.9723 14.4854 9.62909 26.4413 15.7995
internal_count=228 103 67 46 125 75
is_linear=0
shrinkage=0.05


Tree=65
num_leaves=7
num_cat=0
split_feature=1 1 1 2 2 1
split_gain=0.411496 1.37922 0.795681 1.35995 0.535616 1.01345
threshold=0.016202522425198918 0.011690559005419437 0.01962604214929051 0.0088360896120282702 0.0093406034837972655 0.0010426606577758934
decision_type=2 2 2 2 2 2
left_child=1 4 -2 -4 5 -1
right_child=2 -3 3 -5 -6 -7
leaf_value=0.0029557003072783689 -0.026807690009712878 0.028882783317872418 0.01547592619606664 -0.018463644688920811 0.009873445086588932 -0.020628090078192437
leaf_weight=13.034708105027681 3.7243260294198981 4.5151570141315451 6.3432295992970449 5.5200997143983841 8.2155431061983091 7.0025005340576163
leaf_count=62 18 24 30 24 39 31
internal_value=4.15694e-05 0.0032228 -0.00664592 -0.000316421 -0.000877996 -0.00528624
internal_weight=48.3556 32.7679 15.5877 11.8633 28.2528 20.0372
internal_count=228 156 72 54 132 93
is_linear=0
shrinkage=0.05


Tree=66
num_leaves=7
num_cat=0
split_feature=0 0 1 2 2 1
split_gain=0.481212 1.24053 1.09652 0.62667 2.53272 0.845267
threshold=-0.01323802388551675 -0.0083022587892329375 -0.02510843154155561 0.0038812100596654123 0.0045269161522552464 0.0012521805562224831
decision_type=2 2 2 2 2 2
left_child=-1 -2 -3 -4 -5 -6
right_child=1 2 3 4 5 -7
leaf_value=0.019094700383124958 -0.025898305016327883 0.033230342917221434 0.015747831731764261 -0.045927622840659273 -0.011171812945806062 0.0070106555661351615
leaf_weight=3.1009023413062087 4.5921794772148123 2.5545595437288275 5.0742227882146826 3.1284904330968848 9.2741377651691455 20.566888406872749
leaf_count=15 21 15 22 14 42 99
internal_value=4.08425e-05 -0.0012666 0.00151955 -0.000609764 -0.0031273 0.00135982
internal_weight=48.2914 45.1905 40.5983 38.0437 32.9695 29.841
internal_count=228 213 192 177 155 141
is_linear=0
shrinkage=0.05


Tree=67
num_leaves=7
num_cat=0
split_feature=0 0 1 2 2 1
split_gain=0.436446 1.11534 1.00557 0.567401 2.32076 0.762423
threshold=-0.01323802388551675 -0.0083022587892329375 -0.02510843154155561 0.0038812100596654123 0.0045269161522552464 0.0012521805562224831
decision_type=2 2 2 2 2 2
left_child=-1 -2 -3 -4 -5 -6
right_child=1 2 3 4 5 -7
leaf_value=0.018231399201794531 -0.024510914606269241 0.032053340254276579 0.015010965111285426 -0.044260570777674278 -0.010587885649145385 0.0066710160092599245
leaf_weight=3.0857457444071761 4.6090544611215583 2.5169195607304564 5.0575780868530265 3.08512258529663 9.2957578152418154 20.534162968397141
leaf_count=15 21 15 22 14 42 99
internal_value=3.9269e-05 -0.00120548 0.00144746 -0.000581178 -0.002977 0.00129271
internal_weight=48.1843 45.0986 40.4895 37.9726 32.915 29.8299
internal_count=228 213 192 177 155 141
is_linear=0
shrinkage=0.05


Tree=68
num_leaves=7
num_cat=0
split_feature=3 3 1 1 1 1
split_gain=0.441494 2.21445 1.50938 0.929604 0.727884 0.797435
threshold=1.252814717516564 1.491102095883631 0.024445214865920686 0.011690559005419437 0.0039959076193303231 1.0000000180025095e-35
decision_type=2 2 2 2 2 2
left_child=3 -2 -3 4 5 -1
right_child=1 2 -4 -5 -6 -7
leaf_value=-0.0026138085196327392 -0.038095661616986499 0.023662549673288701 -0.016525492719193423 0.019253229347383032 -0.018007196246147331 0.019311909098756352
leaf_weight=16.754689775407321 4.1388034224510184 5.2436270415782911 4.2140272036194801 7.0411729365587226 5.1732510924339286 5.5109530091285697
leaf_count=81 18 25 20 36 24 24
internal_value=3.76753e-05 -0.00759255 0.00575605 0.00304649 -0.00111237 0.00281301
internal_weight=48.0765 13.5965 9.45765 34.4801 27.4389 22.2656
internal_count=228 63 45 165 129 105
is_linear=0
shrinkage=0.05


Tree=69
num_leaves=7
num_cat=0
split_feature=2 1 3 1 0 0
split_gain=0.435801 1.0904 2.3859 1.10911 0.784019 1.27719
threshold=0.016257979570199699 -0.028029409135596307 -0.97840370706648538 -0.0093783701004353532 -0.0035411862499924967 0.0017122263340489487
decision_type=2 2 2 2 2 2
left_child=1 -1 -3 -4 -5 -6
right_child=-2 2 3 4 5 -7
leaf_value=0.031014985253910277 -0.013956919352319096 -0.047643211713804971 0.028906784026538519 0.014839437843268126 -0.017319302405639041 0.0048712573336302245
leaf_weight=2.9464729726314536 4.9861247539520255 2.5154148787260047 3.6345498859882346 6.9372910857200578 10.806469261646276 16.212037324905396
leaf_count=19 21 11 17 32 50 78
internal_value=3.68992e-05 0.0016576 -0.000499213 0.0026555 -0.000154377 -0.0040042
internal_weight=48.0384 43.0522 40.1058 37.5903 33.9558 27.0185
internal_count=228 207 188 177 160 128
is_linear=0
shrinkage=0.05


Tree=70
num_leaves=7
num_cat=0
split_feature=2 1 3 0 2 0
split_gain=0.394015 0.943234 1.04597 1.09032 0.585215 2.19575
threshold=0.016257979570199699 -0.02510843154155561 -0.80814188359111516 -0.0091010318991445079 0.0060095870878505006 0.0013618988111571419
decision_type=2 2 2 2 2 2
left_child=1 -1 -3 -4 -5 -6
right_child=-2 2 3 4 5 -7
leaf_value=0.026339364608701496 -0.013277849042584958 -0.029636712749131506 0.02817156718069902 0.0062662179073332009 -0.028217818668211138 0.007062126570753946
leaf_weight=3.5305661186575881 4.9792528003454199 2.8820455968379965 3.5037778466939917 14.716453723609446 7.3745215386152294 10.972123369574545
leaf_count=22 21 13 16 69 33 54
internal_value=3.71522e-05 0.00157972 -0.000636198 0.0016495 -0.00116111 -0.00711882
internal_weight=47.9587 42.9795 39.4489 36.5669 33.0631 18.3466
internal_count=228 207 185 172 156 87
is_linear=0
shrinkage=0.05


Tree=71
num_leaves=7
num_cat=0
split_feature=3 1 3 3 3 2
split_gain=0.403415 1.4872 1.2816 0.96248 0.868778 0.633656
threshold=0.94816686417984364 0.0059099622654926404 1.4124768558892697 2.2434175963599308 0.05547713216210727 0.0078530037193365026
decision_type=2 2 2 2 2 2
left_child=1 4 -2 -4 5 -1
right_child=2 -3 3 -5 -6 -7
leaf_value=0.010970786294880941 -0.026161708996497057 0.022939062516200745 0.015871058657581521 -0.013303513491728137 -0.021908621490110802 -0.0074036357516895461
leaf_weight=9.7076763287186711 5.4400451183319118 7.427243471145629 6.551893085241316 4.9724836051464081 4.718283236026763 9.0815550386905652
leaf_count=47 24 39 33 21 21 43
internal_value=3.71684e-05 0.00343521 -0.00615918 0.00328295 -0.00272708 0.00208972
internal_weight=47.8992 30.9348 16.9644 11.5244 23.5075 18.7892
internal_count=228 150 78 54 111 90
is_linear=0
shrinkage=0.05


Tree=72
num_leaves=7
num_cat=0
split_feature=3 3 3 1 1 1
split_gain=0.372886 1.96442 1.40864 0.880637 0.681361 0.773837
threshold=1.252814717516564 1.491102095883631 2.2434175963599308 0.011690559005419437 0.0039959076193303231 1.0000000180025095e-35
decision_type=2 2 2 2 2 2
left_child=3 -2 -3 4 5 -1
right_child=1 2 -4 -5 -6 -7
leaf_value=-0.0027916487229363018 -0.035717722787722415 0.026124934690880994 -0.012626187663390088 0.018695808909991871 -0.017603783896218132 0.018851109594429719
leaf_weight=16.643800400197513 4.1336383521556845 4.4347438439726812 4.9771437644958496 6.9557329267263404 5.1556423157453528 5.4932897537946692
leaf_count=81 18 24 21 36 24 24
internal_value=3.65338e-05 -0.006986 0.00563277 0.002814 -0.00123358 0.00257897
internal_weight=47.794 13.5455 9.41189 34.2485 27.2927 22.1371
internal_count=228 63 45 165 129 105
is_linear=0
shrinkage=0.05


Tree=73
num_leaves=7
num_cat=0
split_feature=1 1 1 2 1 1
split_gain=0.379815 1.22396 0.785877 1.28947 0.423193 0.699485
threshold=0.016202522425198918 0.011690559005419437 0.01962604214929051 0.0088360896120282702 0.0039959076193303231 1.0000000180025095e-35
decision_type=2 2 2 2 2 2
left_child=1 4 -2 -4 5 -1
right_child=2 -3 3 -5 -6 -7
leaf_value=-0.0026501608832276979 -0.026486687827307759 0.027873760670601301 0.015443507748726135 -0.017801441411126075 -0.012681353864095628 0.017936621115238634
leaf_weight=16.655457757413394 3.706342637538909 4.3245512396097174 6.2497455775737745 5.4692711383104324 5.8397657424211493 5.4849111288785926
leaf_count=81 18 24 30 24 27 24
internal_value=3.5928e-05 0.00311802 -0.00641876 -7.19272e-05 -0.000708181 0.00244987
internal_weight=47.73 32.3047 15.4254 11.719 27.9801 22.1404
internal_count=228 156 72 54 132 105
is_linear=0
shrinkage=0.05


Tree=74
num_leaves=7
num_cat=0
split_feature=3 1 3 3 3 2
split_gain=0.35974 1.41202 1.10519 0.850707 0.836864 0.570005
threshold=0.94816686417984364 0.0059099622654926404 1.4124768558892697 0.05547713216210727 2.2434175963599308 0.0078530037193365026
decision_type=2 2 2 2 2 2
left_child=1 3 -2 5 -4 -1
right_child=2 -3 4 -5 -6 -7
leaf_value=0.010461849433978637 -0.024411390740900374 0.022358473916418875 0.01486288973710951 -0.021758338461442154 -0.012423777078843699 -0.0069662616831727394
leaf_weight=9.6850392520427793 5.429670765995982 7.3581286370754233 6.4552619978785497 4.7035392820835105 4.9758748561143875 9.0994920581579191
leaf_count=47 24 39 33 21 21 43
internal_value=3.53864e-05 0.00324543 -0.00583727 -0.00274212 0.00298524 0.00201943
internal_weight=47.707 30.8462 16.8608 23.4881 11.4311 18.7845
internal_count=228 150 78 111 54 90
is_linear=0
shrinkage=0.05


Tree=75
num_leaves=7
num_cat=0
split_feature=0 0 2 0 0 0
split_gain=0.354553 1.75768 1.38809 1.08395 0.945439 0.896959
threshold=0.0013618988111571419 0.0064829954210745399 0.0064347853674467546 0.011805900662793115 -0.0032400926870496259 -0.0083022587892329375
decision_type=2 2 2 2 2 2
left_child=4 2 -2 -3 5 -1
right_child=1 3 -4 -5 -6 -7
leaf_value=-0.0083663350373741445 0.0023011743119106544 -0.018936453214638445 0.042285267978468245 0.010773799137816809 -0.015433475569665622 0.01562410968736716
leaf_weight=7.5915182009339324 4.3713298812508601 7.6417883038520795 4.3115507736802101 5.131488248705864 10.551131926476954 8.0039988011121768
leaf_count=36 21 36 21 25 50 39
internal_value=3.47262e-05 0.00479823 0.0221556 -0.00700077 -0.00387424 0.00394614
internal_weight=47.6028 21.4562 8.68288 12.7733 26.1466 15.5955
internal_count=228 103 42 61 125 75
is_linear=0
shrinkage=0.05


Tree=76
num_leaves=7
num_cat=0
split_feature=2 1 3 0 2 0
split_gain=0.361934 0.874903 1.01526 0.995495 0.588618 1.93194
threshold=0.016257979570199699 -0.02510843154155561 -0.80814188359111516 -0.0091010318991445079 0.0060095870878505006 0.0013618988111571419
decision_type=2 2 2 2 2 2
left_child=1 -1 -3 -4 -5 -6
right_child=-2 2 3 4 5 -7
leaf_value=0.025529309193240837 -0.012771706202874211 -0.029181172166840297 0.02711324554345515 0.0064321153583068655 -0.026771791486890784 0.0064188660962776747
leaf_weight=3.4842201098799697 4.9437943398952475 2.8818148225545874 3.4717032313346854 14.605456270277498 7.3773307651281383 10.806735798716543
leaf_count=22 21 13 16 69 33 54
internal_value=3.46862e-05 0.00151994 -0.000617197 0.00165289 -0.00104281 -0.00704668
internal_weight=47.5711 42.6273 39.143 36.2612 32.7895 18.1841
internal_count=228 207 185 172 156 87
is_linear=0
shrinkage=0.05


Tree=77
num_leaves=7
num_cat=0
split_feature=3 3 1 1 0 3
split_gain=0.345105 1.7575 1.29492 0.852078 1.16147 0.763883
threshold=1.252814717516564 1.491102095883631 0.024445214865920686 0.0059099622654926404 0.00559062626075144 0.05547713216210727
decision_type=2 2 2 2 2 2
left_child=3 -2 -3 5 -5 -1
right_child=1 2 -4 4 -6 -7
leaf_value=0.0019014652208512294 -0.033892654107407702 0.022104853427575753 -0.015354895598845406 0.030356449679570487 -0.0026965673994765074 -0.020662142896805496
leaf_weight=18.717726781964306 4.1312363445758811 5.1374126300215703 4.1874836459755898 5.5198252350091916 5.1260329633951187 4.6911224275827399
leaf_count=90 18 25 20 28 26 21
internal_value=3.46633e-05 -0.00674452 0.00528299 0.00271334 0.0144413 -0.00262027
internal_weight=47.5108 13.4561 9.3249 34.0547 10.6459 23.4088
internal_count=228 63 45 165 54 111
is_linear=0
shrinkage=0.05


Tree=78
num_leaves=7
num_cat=0
split_feature=1 1 1 2 1 1
split_gain=0.332432 1.09379 0.736467 1.1795 0.418146 0.720731
threshold=0.016202522425198918 0.011690559005419437 0.01962604214929051 0.0088360896120282702 0.0039959076193303231 1.0000000180025095e-35
decision_type=2 2 2 2 2 2
left_child=1 4 -2 -4 5 -1
right_child=2 -3 3 -5 -6 -7
leaf_value=-0.00272000730787594 -0.025423287011910607 0.026629398639866547 0.015039874795662656 -0.016847009469442863 -0.012643457360716535 0.018208804157511409
leaf_weight=16.593911394476898 3.7077263146638861 4.2272265106439582 6.2154351100325567 5.436996728181839 5.7760408520698538 5.4695050418376914
leaf_count=81 18 24 30 24 27 24
internal_value=3.40862e-05 0.0029313 -0.00601428 0.000161531 -0.000667094 0.00246823
internal_weight=47.4268 32.0667 15.3602 11.6524 27.8395 22.0634
internal_count=228 156 72 54 132 105
is_linear=0
shrinkage=0.05


Tree=79
num_leaves=7
num_cat=0
split_feature=2 3 1 2 0 0
split_gain=0.351351 0.810912 1.6199 1.1187 1.78289 1.45187
threshold=0.0045269161522552464 -1.5038326353574847 -0.015261711799588362 0.0066345835094731897 0.0010952302610972961 0.0013618988111571419
decision_type=2 2 2 2 2 2
left_child=-1 -2 -3 4 -4 -5
right_child=1 2 3 5 -6 -7
leaf_value=-0.0091967931933374693 0.0292814201556333 -0.035092733361225641 0.03847841193581282 -0.015821223848908505 -0.0024548587067970678 0.0094731144295420681
leaf_weight=8.4680165946483594 2.5529065653681746 2.9955494850873938 4.9830524176359159 11.184576958417894 5.7066507264971733 11.512619271874426
leaf_count=39 17 13 25 50 28 56
internal_value=3.35356e-05 0.00204103 0.000129611 0.00328984 0.0166264 -0.00299127
internal_weight=47.4034 38.9354 36.3824 33.3869 10.6897 22.6972
internal_count=228 189 172 159 53 106
is_linear=0
shrinkage=0.05


Tree=80
num_leaves=7
num_cat=0
split_feature=0 0 0 0 1 1
split_gain=0.35564 1.1494 0.894376 1.62856 0.731027 2.11044
threshold=-0.01323802388551675 -0.0083022587892329375 -0.003673617491493468 -0.0019381705620352262 0.0059099622654926404 0.014623568756607986
decision_type=2 2 2 2 2 2
left_child=-1 -2 -3 -4 -5 -6
right_child=1 2 3 4 5 -7
leaf_value=0.016631639481236422 -0.024983357661370584 0.018182097824849489 -0.03637540158676654 -0.0095416039720126883 0.032742961745595871 -0.0029965733859992805
leaf_weight=3.0214748233556739 4.5224354714155188 6.7636143416166297 3.0833011046051935 9.6477747485041672 5.7744252681732204 14.510217130184172
leaf_count=15 21 33 15 45 31 68
internal_value=3.42844e-05 -0.00109769 0.00161782 -0.00177554 0.00178855 0.00717739
internal_weight=47.3232 44.3018 39.7793 33.0157 29.9324 20.2846
internal_count=228 213 192 159 144 99
is_linear=0
shrinkage=0.05


Tree=81
num_leaves=7
num_cat=0
split_feature=3 3 3 1 1 1
split_gain=0.328502 1.57363 1.17374 0.764536 0.652042 0.671006
threshold=1.252814717516564 1.491102095883631 2.2434175963599308 0.011690559005419437 0.0039959076193303231 1.0000000180025095e-35
decision_type=2 2 2 2 2 2
left_child=3 -2 -3 4 5 -1
right_child=1 2 -4 -5 -6 -7
leaf_value=-0.0023945562642367431 -0.032315935221446677 0.023977432295098352 -0.011716377395134973 0.017651981257683514 -0.017256367294074731 0.01781658915767954
leaf_weight=16.556968696415431 4.1177718341350547 4.2945195734500867 4.9669879376888275 6.7934854328632346 5.0786537379026404 5.461142197251319
leaf_count=81 18 24 21 36 24 24
internal_value=3.46628e-05 -0.00659925 0.00483468 0.00265362 -0.00110666 0.00261841
internal_weight=47.2695 13.3793 9.26151 33.8903 27.0968 22.0181
internal_count=228 63 45 165 129 105
is_linear=0
shrinkage=0.05


Tree=82
num_leaves=7
num_cat=0
split_feature=0 0 2 0 0 0
split_gain=0.329094 1.58232 1.26739 0.978229 0.847028 0.827487
threshold=0.0064829954210745399 0.0013618988111571419 0.0064347853674467546 0.011805900662793115 -0.0032400926870496259 -0.0083022587892329375
decision_type=2 2 2 2 2 2
left_child=1 4 -3 -2 5 -1
right_child=3 2 -4 -5 -6 -7
leaf_value=-0.0079977220280354928 -0.018216744217901201 0.002244117666323472 0.040758413109691 0.010135675260362152 -0.014529966449712717 0.015130679389134255
leaf_weight=7.5413101464509928 7.5942256450653058 4.3338621407747251 4.2119844332337379 5.0756030827760696 10.509048327803614 7.9381330013275164
leaf_count=36 36 21 21 25 50 39
internal_value=3.39381e-05 0.00256265 0.0212266 -0.00685861 -0.00357466 0.00386293
internal_weight=47.2042 34.5343 8.54585 12.6698 25.9885 15.4794
internal_count=228 167 42 61 125 75
is_linear=0
shrinkage=0.05


Tree=83
num_leaves=7
num_cat=0
split_feature=2 1 3 0 1 1
split_gain=0.329674 0.812844 0.960448 0.943276 0.570552 1.5544
threshold=0.016257979570199699 -0.02510843154155561 -0.80814188359111516 -0.0091010318991445079 0.017582833971606142 0.012786087936943231
decision_type=2 2 2 2 2 2
left_child=1 -1 -3 -4 5 -5
right_child=-2 2 3 4 -6 -7
leaf_value=0.024839605143242953 -0.012209190510667274 -0.028407482899914918 0.026489253625879935 0.0011926921328726057 0.0091690103747361848 -0.031444948840308039
leaf_weight=3.4172470644116393 4.9245001375675193 2.8746048659086219 3.4490508437156668 18.276748016476635 9.6690980568528158 4.557839296758174
leaf_count=22 21 13 16 85 47 24
internal_value=3.38139e-05 0.001461 -0.000596588 0.00162703 -0.00101116 -0.00532186
internal_weight=47.1691 42.2446 38.8273 35.9527 32.5037 22.8346
internal_count=228 207 185 172 156 109
is_linear=0
shrinkage=0.05


Tree=84
num_leaves=7
num_cat=0
split_feature=0 0 0 0 1 1
split_gain=0.310982 1.06995 0.748534 1.43633 0.678546 1.99151
threshold=-0.01323802388551675 -0.0083022587892329375 -0.003673617491493468 -0.0019381705620352262 0.0059099622654926404 0.014623568756607986
decision_type=2 2 2 2 2 2
left_child=-1 -2 -3 -4 -5 -6
right_child=1 2 3 4 5 -7
leaf_value=0.015633433727702425 -0.024060565298749528 0.016828472415795909 -0.033988691085718607 -0.0090519694157393943 0.032092642342157279 -0.0027887643746120653
leaf_weight=2.9919593259692183 4.5236725211143485 6.7089572548866263 3.0825833231210664 9.6363298669457489 5.7056554555892971 14.468468837440012
leaf_count=15 21 33 15 45 31 68
internal_value=3.38229e-05 -0.00102392 0.00160752 -0.00149698 0.00186286 0.00707641
internal_weight=47.1176 44.1257 39.602 32.893 29.8105 20.1741
internal_count=228 213 192 159 144 99
is_linear=0
shrinkage=0.05


Tree=85
num_leaves=7
num_cat=0
split_feature=2 3 1 2 0 0
split_gain=0.30639 0.760095 1.49955 1.15628 1.61035 1.24103
threshold=0.0045269161522552464 -1.5038326353574847 -0.015261711799588362 0.0066345835094731897 0.0010952302610972961 0.0013618988111571419
decision_type=2 2 2 2 2 2
left_child=-1 -2 -3 4 -4 -5
right_child=1 2 3 5 -6 -7
leaf_value=-0.0086159235527160007 0.028637908329563283 -0.033894299714927037 0.037691437196505695 -0.01511594168990711 -0.0013433492971514629 0.0083416647066249603
leaf_weight=8.4082523137330991 2.4897007122635832 2.9808650761842719 4.9191384613513929 11.173764735460283 5.7079935297369957 11.38162838667631
leaf_count=39 17 13 25 50 28 56
internal_value=3.40396e-05 0.00191568 7.59604e-05 0.00312759 0.0167253 -0.00327905
internal_weight=47.0613 38.6531 36.1634 33.1825 10.6271 22.5554
internal_count=228 189 172 159 53 106
is_linear=0
shrinkage=0.05


Tree=86
num_leaves=7
num_cat=0
split_feature=0 0 2 0 0 3
split_gain=0.312086 1.47635 1.10632 0.8962 0.758608 0.800037
threshold=0.0064829954210745399 0.0013618988111571419 0.0064347853674467546 0.011805900662793115 -0.0032400926870496259 -0.80814188359111516
decision_type=2 2 2 2 2 2
left_child=1 4 -3 -2 5 -1
right_child=3 2 -4 -5 -6 -7
leaf_value=-0.013426869496872948 -0.017535213573046906 0.0029301981344596415 0.039038141183250059 0.0096463827760922098 -0.013804521754106541 0.01126751729475795
leaf_weight=4.7454198151826814 7.5943551138043386 4.3353972584009153 4.1539233922958374 5.0482504442334175 10.482925660908224 10.619924902915956
leaf_count=26 36 21 21 25 50 49
internal_value=3.46107e-05 0.00250738 0.0205982 -0.00668148 -0.00343418 0.00364092
internal_weight=46.9802 34.3376 8.48932 12.6426 25.8483 15.3653
internal_count=228 167 42 61 125 75
is_linear=0
shrinkage=0.05


Tree=87
num_leaves=7
num_cat=0
split_feature=2 1 2 2 2 2
split_gain=0.320213 0.777567 0.473383 0.932235 1.20091 1.32717
threshold=0.016257979570199699 -0.02510843154155561 0.0038812100596654123 0.005768311201236445 0.0066345835094731897 0.0082962643365259697
decision_type=2 2 2 2 2 2
left_child=1 -1 -3 -4 -5 -6
right_child=-2 2 3 4 5 -7
leaf_value=0.024490559870423683 -0.01203808973099728 0.013927976356079931 -0.015599839674321617 0.024823804263491584 -0.018878095209854062 0.0079869906884615354
leaf_weight=3.3674315214157096 4.917565017938613 4.920772820711135 9.868212163448332 4.8695902377367046 7.7804234102368381 11.236306086182593
leaf_count=22 21 22 47 25 35 56
internal_value=3.43381e-05 0.0014464 -0.000560039 -0.00267212 0.00266874 -0.00300448
internal_weight=46.9603 42.0427 38.6753 33.7545 23.8863 19.0167
internal_count=228 207 185 163 116 91
is_linear=0
shrinkage=0.05


Tree=88
num_leaves=7
num_cat=0
split_feature=1 1 1 2 0 3
split_gain=0.300699 1.0122 0.659715 1.13248 0.443725 1.13969
threshold=0.016202522425198918 0.011690559005419437 0.01962604214929051 0.0088360896120282702 0.0087241113447493867 -0.069662104222621965
decision_type=2 2 2 2 2 2
left_child=1 4 -2 -4 5 -1
right_child=2 -3 3 -5 -6 -7
leaf_value=0.0062165745375463797 -0.024151100711535745 0.02593487570457937 0.014843999195727452 -0.016527741273443735 0.014796071924476656 -0.016049794554196549
leaf_weight=13.501617990434175 3.6864940226078025 4.1176290512084952 6.1384207531809789 5.4138426333665848 3.9779903143644324 10.005596131086351
leaf_count=68 18 24 30 24 19 45
internal_value=3.42028e-05 0.00281604 -0.0057349 0.000141974 -0.000647451 -0.00326087
internal_weight=46.8416 31.6028 15.2388 11.5523 27.4852 23.5072
internal_count=228 156 72 54 132 113
is_linear=0
shrinkage=0.05


Tree=89
num_leaves=7
num_cat=0
split_feature=1 1 2 2 2 0
split_gain=0.309469 0.679864 0.677034 0.967716 1.50439 1.22373
threshold=-0.016348530457521489 -0.0093783701004353532 0.011387444257348668 0.0081203042188314079 0.0066345835094731897 0.00559062626075144
decision_type=2 2 2 2 2 2
left_child=-1 -2 3 4 5 -3
right_child=1 2 -4 -5 -6 -7
leaf_value=-0.011454953004701743 0.019811907576248192 0.014196857135040777 -0.014201493989524748 0.019937409060530709 -0.022885454356561669 -0.015579368286347931
leaf_weight=5.2089643850922576 4.506084293127059 12.083635635674009 7.474766105413436 6.3505991175770751 6.3270827755331984 4.8296405524015418
leaf_count=30 21 59 33 34 29 22
internal_value=3.36905e-05 0.00147322 -0.000756214 0.0026401 -0.00208651 0.00569416
internal_weight=46.7808 41.5718 37.0657 29.591 23.2404 16.9133
internal_count=228 198 177 144 110 81
is_linear=0
shrinkage=0.05


Tree=90
num_leaves=7
num_cat=0
split_feature=1 1 1 1 2 2
split_gain=0.315462 2.60359 1.49761 1.1005 0.635922 0.816302
threshold=0.017582833971606142 0.01327128773857846 0.024445214865920686 0.0059099622654926404 0.012002963226316644 0.0078530037193365026
decision_type=2 2 2 2 2 2
left_child=1 3 -2 4 5 -1
right_child=2 -3 -4 -5 -6 -7
leaf_value=0.00077799092134797708 0.02895169643492736 -0.039738686409723542 -0.0060697603288867039 0.021222356019676061 0.014544747947577388 -0.02163561854482788
leaf_weight=12.598896853625783 4.776186302304267 4.1263717114925376 8.459047503769396 6.2867279872298232 4.4754230529069892 5.9953233525156966
leaf_count=61 24 21 39 33 20 30
internal_value=3.33938e-05 -0.0025498 0.0065684 0.00267752 -0.00237614 -0.00644882
internal_weight=46.718 33.4827 13.2352 29.3564 23.0696 18.5942
internal_count=228 165 63 144 111 91
is_linear=0
shrinkage=0.05


Tree=91
num_leaves=7
num_cat=0
split_feature=2 3 2 0 0 0
split_gain=0.313705 0.713209 0.817464 1.2164 0.989819 1.40166
threshold=0.0045269161522552464 -1.5038326353574847 0.0061945339105700997 0.0010952302610972961 0.0013618988111571419 0.0064829954210745399
decision_type=2 2 2 2 2 2
left_child=-1 -2 3 -3 -4 -6
right_child=1 2 4 -5 5 -7
leaf_value=-0.0087449919274028218 0.028027289755296919 0.032080759148220166 -0.013439735311731921 -0.0053813527869285682 0.029381981058185454 -0.0054355598788767686
leaf_weight=8.3550437241792661 2.4536666423082343 4.3771582022309286 13.882651910185816 4.2911722958087921 4.2384455949068061 9.0896036028861982
leaf_count=39 17 23 62 22 21 44
internal_value=3.39009e-05 0.00194736 0.000163826 0.0135355 -0.0040959 0.00563675
internal_weight=46.6877 38.3327 35.879 8.66833 27.2107 13.328
internal_count=228 189 172 45 127 65
is_linear=0
shrinkage=0.05


Tree=92
num_leaves=7
num_cat=0
split_feature=1 1 2 2 2 0
split_gain=0.300508 0.615511 0.623097 0.904919 1.32845 1.06698
threshold=-0.016348530457521489 -0.0093783701004353532 0.011387444257348668 0.0081203042188314079 0.0066345835094731897 0.00559062626075144
decision_type=2 2 2 2 2 2
left_child=-1 -2 3 4 5 -3
right_child=1 2 -4 -5 -6 -7
leaf_value=-0.011291042582423742 0.018973541407394094 0.01337323189714173 -0.0135732776947154 0.019389239968670979 -0.021480721669616017 -0.014443090786935148
leaf_weight=5.2034265697002402 4.4735152870416632 11.993336871266374 7.4597108736634246 6.3099280521273604 6.3373798653483382 4.8381216377019873
leaf_count=30 21 59 33 34 29 22
internal_value=3.4303e-05 0.00145734 -0.000664003 0.00260274 -0.00196899 0.00537756
internal_weight=46.6154 41.412 36.9385 29.4788 23.1688 16.8315
internal_count=228 198 177 144 110 81
is_linear=0
shrinkage=0.05


Tree=93
num_leaves=7
num_cat=0
split_feature=2 3 0 2 1 1
split_gain=0.304231 1.93282 1.31414 1.15225 0.597562 1.45838
threshold=0.005768311201236445 1.491102095883631 -0.0017833848010210542 0.0066345835094731897 -0.0093783701004353532 1.0000000180025095e-35
decision_type=2 2 2 2 2 2
left_child=1 2 -1 -2 -5 -6
right_child=3 -3 -4 4 5 -7
leaf_value=-0.0022630531813688645 0.024901814094665631 0.015960290315145613 -0.039789301918815898 0.012637199378196663 -0.031921745810099676 0.0014164930528825035
leaf_weight=4.9307312071323386 4.9916248098015812 6.2094400748610488 4.4281647205352774 5.9174020141363171 4.1301293671131161 15.944188915193079
leaf_count=25 27 30 20 30 18 78
internal_value=3.38585e-05 -0.0056684 -0.0200186 0.0028991 -0.00132645 -0.00544258
internal_weight=46.5517 15.5683 9.3589 30.9833 25.9917 20.0743
internal_count=228 75 45 153 126 96
is_linear=0
shrinkage=0.05


Tree=94
num_leaves=7
num_cat=0
split_feature=3 1 3 3 2 2
split_gain=0.335453 1.06579 0.981619 0.681018 0.595861 0.732742
threshold=0.94816686417984364 0.0059099622654926404 1.4124768558892697 2.2434175963599308 0.012002963226316644 0.0078530037193365026
decision_type=2 2 2 2 2 2
left_child=1 4 -2 -4 5 -1
right_child=2 -3 3 -5 -6 -7
leaf_value=0.00090671986711698786 -0.023495198417004374 0.020179498309986613 0.013701616009880766 -0.011176302909103628 0.014369940516758613 -0.020324180801854195
leaf_weight=12.509900696575651 5.2702399790287044 7.051155984401702 6.2155475392937642 4.9350001662969589 4.4580301642417899 6.0195306837558737
leaf_count=61 24 39 33 21 20 30
internal_value=3.30185e-05 0.00317429 -0.00571333 0.00269117 -0.00204187 -0.00599042
internal_weight=46.4594 30.0386 16.4208 11.1505 22.9875 18.5294
internal_count=228 150 78 54 111 91
is_linear=0
shrinkage=0.05


Tree=95
num_leaves=7
num_cat=0
split_feature=3 1 3 3 3 1
split_gain=0.303273 0.969723 0.88683 0.616133 0.586019 0.521698
threshold=0.94816686417984364 0.0059099622654926404 1.4124768558892697 2.2434175963599308 0.05547713216210727 -0.014224877642515446
decision_type=2 2 2 2 2 2
left_child=1 4 -2 -4 5 -1
right_child=2 -3 3 -5 -6 -7
leaf_value=-0.0091386846007333201 -0.02234395651082835 0.019317193569792477 0.013068272432657128 -0.010611523744168459 -0.017911587076885744 0.0083820657713461234
leaf_weight=6.6535218283534112 5.2648309469223049 6.9989788383245459 6.1915676295757276 4.9377017021179199 4.5947270691394797 11.754875168204309
leaf_count=36 24 39 33 21 21 54
internal_value=3.24784e-05 0.0030207 -0.00543614 0.0025623 -0.0019377 0.00204937
internal_weight=46.3962 30.0021 16.3941 11.1293 23.0031 18.4084
internal_count=228 150 78 54 111 90
is_linear=0
shrinkage=0.05


Tree=96
num_leaves=7
num_cat=0
split_feature=3 3 1 1 1 2
split_gain=0.30157 0.996319 0.634644 0.719751 0.751629 0.747341
threshold=1.3033562123936104 1.8397504187624751 0.011690559005419437 0.0039959076193303231 1.0000000180025095e-35 0.0075137588251503471
decision_type=2 2 2 2 2 2
left_child=2 -2 3 4 5 -1
right_child=1 -3 -4 -5 -6 -7
leaf_value=0.0091272025483137321 -0.022553188489503925 0.0059403847838337513 0.01558808042411291 -0.018411694827004704 0.018966320671926891 -0.012362990774870174
leaf_weight=7.4468073919415572 5.4877977073192579 6.9574492871761322 7.2536180615425101 4.8968679457902899 5.4058832377195349 8.8574776947498304
leaf_count=38 27 33 39 24 24 43
internal_value=3.16645e-05 -0.00662401 0.00247791 -0.00109619 0.00280944 -0.00254758
internal_weight=46.3059 12.4452 33.8607 26.607 21.7102 16.3043
internal_count=228 60 168 129 105 81
is_linear=0
shrinkage=0.05


Tree=97
num_leaves=7
num_cat=0
split_feature=1 1 1 2 1 1
split_gain=0.303924 0.970546 0.712583 2.12385 0.441748 0.679435
threshold=0.016202522425198918 0.011690559005419437 0.022382491915261642 0.0088360896120282702 0.0039959076193303231 1.0000000180025095e-35
decision_type=2 2 2 2 2 2
left_child=1 4 -2 -4 5 -1
right_child=2 -3 3 -5 -6 -7
leaf_value=-0.002419104819277592 -0.020496528392422515 0.025757654480936611 0.026452616745208692 -0.020402331311362071 -0.01314469796063286 0.018047214898331505
leaf_weight=16.307019941508781 5.3311785981059066 4.024603269994258 4.6851618662476522 4.9991723597049713 5.5430706590414038 5.397354543209075
leaf_count=81 27 24 23 22 27 24
internal_value=3.09056e-05 0.00283836 -0.00581603 0.00226552 -0.000546956 0.00267038
internal_weight=46.2876 31.272 15.0155 9.68433 27.2474 21.7044
internal_count=228 156 72 45 132 105
is_linear=0
shrinkage=0.05


Tree=98
num_leaves=7
num_cat=0
split_feature=2 3 1 2 0 2
split_gain=0.304371 0.707339 1.09094 0.86684 1.29547 1.06356
threshold=0.0045269161522552464 -1.5038326353574847 -0.014224877642515446 0.0066345835094731897 0.00066085744064906004 0.0082962643365259697
decision_type=2 2 2 2 2 2
left_child=-1 -2 -3 4 -4 -5
right_child=1 2 3 5 -6 -7
leaf_value=-0.0086476988587351877 0.027925346945911797 -0.026523520073657453 0.037505532176027812 -0.018277292805247699 0.0010186056578850783 0.0051751093933518136
leaf_weight=8.2923947721719724 2.447405517101287 3.4635654538869849 3.9373388811945897 7.2520625516772297 6.3660907745361328 14.499830171465872
leaf_count=39 17 15 21 33 32 71
internal_value=3.05938e-05 0.00192606 0.000134596 0.003015 0.0149617 -0.0026439
internal_weight=46.2587 37.9663 35.5189 32.0553 10.3034 21.7519
internal_count=228 189 172 157 53 104
is_linear=0
shrinkage=0.05


Tree=99
num_leaves=7
num_cat=0
split_feature=2 3 0 2 1 1
split_gain=0.31313 1.80034 1.14247 1.00057 0.633713 1.2331
threshold=0.005768311201236445 1.491102095883631 -0.0017833848010210542 0.0066345835094731897 -0.0093783701004353532 1.0000000180025095e-35
decision_type=2 2 2 2 2 2
left_child=1 2 -1 -2 -5 -6
right_child=3 -3 -4 4 5 -7
leaf_value=-0.0030512361841725979 0.023664349554743898 0.015197517407199683 -0.038195452050264589 0.013395965724593856 -0.0294585573279324 0.0011433069886939407
leaf_weight=4.8843315690755835 4.8995260223746326 6.1492383554577819 4.3916939944028845 5.9123272523283985 4.1601990610361126 15.771479696035383
leaf_count=25 27 30 20 30 18 78
internal_value=3.09902e-05 -0.00578226 -0.0196901 0.00294773 -0.000979743 -0.005244
internal_weight=46.1688 15.4253 9.27603 30.7435 25.844 19.9317
internal_count=228 75 45 153 126 96
is_linear=0
shrinkage=0.05


end of trees

feature_importances:
ret_5m=189
rv_5m=188
mom_z_5m=117
ret_1m=106

parameters:
[boosting: gbdt]
[objective: binary]
[metric: binary_logloss]
[tree_learner: serial]
[device_type: cpu]
[data_sample_strategy: bagging]
[data: ]
[valid: ]
[num_iterations: 100]
[learning_rate: 0.05]
[num_leaves: 7]
[num_threads: 0]
[seed: 0]
[deterministic: 0]
[force_col_wise: 0]
[force_row_wise: 0]
[histogram_pool_size: -1]
[max_depth: -1]
[min_data_in_leaf: 20]
[min_sum_hessian_in_leaf: 0.001]
[bagging_fraction: 1]
[pos_bagging_fraction: 1]
[neg_bagging_fraction: 1]
[bagging_freq: 0]
[bagging_seed: 3]
[bagging_by_query: 0]
[feature_fraction: 1]
[feature_fraction_bynode: 1]
[feature_fraction_seed: 2]
[extra_trees: 0]
[extra_seed: 6]
[early_stopping_round: 0]
[early_stopping_min_delta: 0]
[first_metric_only: 0]
[max_delta_step: 0]
[lambda_l1: 0]
[lambda_l2: 0]
[linear_lambda: 0]
[min_gain_to_split: 0]
[drop_rate: 0.1]
[max_drop: 50]
[skip_drop: 0.5]
[xgboost_dart_mode: 0]
[uniform_drop: 0]
[drop_seed: 4]
[top_rate: 0.2]
[other_rate: 0.1]
[min_data_per_group: 100]
[max_cat_threshold: 32]
[cat_l2: 10]
[cat_smooth: 10]
[max_cat_to_onehot: 4]
[top_k: 20]
[monotone_constraints: ]
[monotone_constraints_method: basic]
[monotone_penalty: 0]
[feature_contri: ]
[forcedsplits_filename: ]
[refit_decay_rate: 0.9]
[cegb_tradeoff: 1]
[cegb_penalty_split: 0]
[cegb_penalty_feature_lazy: ]
[cegb_penalty_feature_coupled: ]
[path_smooth: 0]
[interaction_constraints: ]
[verbosity: -1]
[saved_feature_importance_type: 0]
[use_quantized_grad: 0]
[num_grad_quant_bins: 4]
[quant_train_renew_leaf: 0]
[stochastic_rounding: 1]
[linear_tree: 0]
[max_bin: 255]
[max_bin_by_feature: ]
[min_data_in_bin: 3]
[bin_construct_sample_cnt: 200000]
[data_random_seed: 1]
[is_enable_sparse: 1]
[enable_bundle: 1]
[use_missing: 1]
[zero_as_missing: 0]
[feature_pre_filter: 1]
[pre_partition: 0]
[two_round: 0]
[header: 0]
[label_column: ]
[weight_column: ]
[group_column: ]
[ignore_column: ]
[categorical_feature: ]
[forcedbins_filename: ]
[precise_float_parser: 0]
[parser_config_file: ]
[objective_seed: 5]
[num_class: 1]
[is_unbalance: 0]
[scale_pos_weight: 1]
[sigmoid: 1]
[boost_from_average: 1]
[reg_sqrt: 0]
[alpha: 0.9]
[fair_c: 1]
[poisson_max_delta_step: 0.7]
[tweedie_variance_power: 1.5]
[lambdarank_truncation_level: 30]
[lambdarank_norm: 1]
[label_gain: ]
[lambdarank_position_bias_regularization: 0]
[eval_at: ]
[multi_error_top_k: 1]
[auc_mu_weights: ]
[num_machines: 1]
[local_listen_port: 12400]
[time_out: 120]
[machine_list_filename: ]
[machines: ]
[gpu_platform_id: -1]
[gpu_device_id: -1]
[gpu_use_dp: 0]
[num_gpu: 1]

end of parameters

pandas_categorical:null
