tree
version=v4
num_class=1
num_tree_per_iteration=1
label_index=0
max_feature_idx=9
objective=binary sigmoid:1
feature_names=Column_0 Column_1 Column_2 Column_3 Column_4 Column_5 Column_6 Column_7 Column_8 Column_9
feature_infos=[-0.0036327044125616936:0.0034353444888228779] [-0.0076859538171927255:0.009373964032947768] [-0.011854860191199634:0.011293410980423246] [-0.022748143976071944:0.028322669936430955] [0.00012243847281141152:0.0049532456671412374] [0.0026243879544190856:0.0072744082615763617] [-3.7070800983279395:3.5409284804214227] [-4.5870341417292986:4.3194841884263111] [-0.9772795047105014:0.97708714650594497] [1.5156542210731279:21.33866986217901]
tree_sizes=6903 6939 6984 6998 6957 6966 7011 6939 6943 6994

Tree=0
num_leaves=63
num_cat=0
split_feature=5 5 3 8 3 8 8 7 5 3 2 2 8 4 3 1 3 2 1 7 3 8 3 8 3 3 3 8 5 3 1 7 3 5 1 3 2 2 5 3 2 2 8 4 3 5 8 4 1 5 3 9 3 2 8 9 3 6 2 8 2 9
split_gain=54.8435 24.2138 30.6298 24.2175 23.9789 21.2386 21.1029 18.3447 18.4504 18.2187 17.7013 17.8268 17.0646 16.2948 20.3878 16.0878 16.0707 15.6209 14.9759 14.4771 14.4741 13.4462 13.3654 16.803 12.6173 12.0861 11.9545 11.2864 11.2004 12.33 10.7483 11.2752 10.5719 11.6234 10.2447 12.6009 9.91566 10.0873 9.88634 9.35417 15.456 11.9713 18.2971 11.0567 9.69624 14.1229 9.31782 18.15 19.3968 13.1883 17.1995 11.7329 11.4591 10.8514 10.2592 9.5112 10.5347 9.13162 8.95625 11.1851 9.5163 14.2267
threshold=0.0042249529431672463 0.0047635454765381597 0.0076305421920208625 0.039258163566857789 0.0095492631936835454 -0.89339337819321929 0.74453387372264468 2.4035213885288313 0.003547018333684994 0.00030993504431187097 0.0068063174727290851 -0.0055533802661535949 -0.87425166137827703 0.0013523052144404038 -0.0017864341009889981 0.0036381623281585011 -0.010789317190259771 -0.0011575957686877911 0.0024599115982901769 -2.3806622826855102 -0.015158991138696008 0.91788789855456321 -0.0097456004193006134 0.60514825526544958 0.0056232391011601388 1.0000000180025095e-35 -0.0042398421745000183 0.79637530847692239 0.0043304450664032523 -0.008435134634984463 -0.0024229188312361312 -1.7021890224312235 0.016422149195832073 0.0043583926228680462 -0.00031701870310651964 -0.0067385918643996226 -0.0065903756892229373 -0.0052657533642417311 0.0032048636817902693 -0.0029825059799772897 0.0034784776499243724 -0.002581321237260958 -0.54383351453324014 0.0029333131307841174 -0.0080013300302876882 0.0045320321448698965 -0.33855542147682499 0.001561102913437424 -0.0022958554229077772 0.0051292055503615493 -0.0018546756096595727 5.3453689018158217 -0.0097456004193006134 0.0063608940323476313 -0.92006499583064627 13.666332169417442 0.014748710696546043 -1.4712868033155433 -0.0024864808503206599 0.033236848133685507 -0.004645408592934607 10.944145846892562
decision_type=8 10 8 2 8 2 2 8 10 10 10 10 2 10 10 10 10 10 10 10 10 2 10 2 10 10 10 2 10 10 10 10 10 10 10 10 10 10 10 10 10 10 2 8 10 10 2 10 8 10 10 2 10 8 2 2 10 8 10 2 10 2
left_child=4 2 3 5 7 -2 17 10 -9 -10 11 22 26 14 34 27 -14 -6 21 -4 -3 28 23 -1 -20 -24 -13 -16 -15 -30 36 57 -21 -34 -5 -36 -7 -38 -19 40 41 -33 -43 44 45 -44 47 48 -22 -50 52 -52 -51 -48 -49 56 -55 -32 59 60 -18 -62
right_child=1 20 19 13 6 30 -8 8 9 -11 -12 12 16 18 15 -17 58 38 24 32 46 -23 25 -25 -26 -27 -28 -29 29 -31 31 39 33 -35 35 -37 37 -39 -40 -41 -42 42 43 -45 -46 -47 53 54 49 50 51 -53 -54 55 -56 -57 -58 -59 -60 -61 61 -63
leaf_value=-0.0031670535531656448 0.076638155118771881 -0.024599456755454555 0.10828144309873663 0.00056032091679763391 0.089865452198992099 0.08451095954710712 0.096331254646551318 -0.074608397560795306 0.044643692051940354 -0.050361638382448295 0.074570815689034772 -0.0079298098203409405 0.0001302392471864873 0.029669189399574528 0.037411629843168002 0.10667401285856497 -0.0059829897403276926 -0.030156005733825746 0.0070205461752766048 0.04507927006390583 -0.0029289157398068866 -0.026323902990121478 0.0730042001266933 0.096850828057515895 0.064546915984500727 -0.0050307407881472928 0.076638155118771881 -0.013727947884728298 0.06512246645412742 0.04256056483150128 0.0072244146661259376 0.0085891169797354325 -0.055557372492094026 0.030025693970379214 0.057283314453290227 0.011745839021104588 0.00040501364721583569 0.041045033780588297 0.03136588394729653 0.027950773237816421 -0.033860371719406548 0.0040573520206395979 0.077085389548738351 -0.026323902990121478 0.030089696880888646 0.021299160148077388 0.028774688571871626 0.073805233216345023 0.051984283511661511 0.055414848533090658 -0.0079298098203409613 0.053519084763999331 -0.030156005733825746 -0.0023963170617970313 0.015850000358137769 0.075418424855226984 0.067083601387670194 -0.064606609399727177 0.017875669590899819 0.034547538314691914 0.027001664509679991 -0.020312976114996776
leaf_weight=20.996244907379154 20.496334314346313 13.997496604919432 8.7484353780746442 80.485605478286743 11.247988343238829 10.99803304672241 13.747541308403013 9.9982118606567401 12.997675418853762 8.2485247850418073 14.747362494468687 5.2490612268447903 113.7296599149704 146.72375905513763 174.96870756149292 7.9985694885253897 34.243875622749329 6.7487930059432975 55.740031123161316 419.42498755455017 29.994635581970215 7.2487035989761344 36.243517994880676 5.2490612268447867 11.497943639755247 5.7489718198776236 20.496334314346313 11.497943639755247 67.98784065246582 553.9009370803833 38.493115663528442 138.22527897357941 5.2490612268447903 16.2470942735672 22.74593198299408 45.741819262504578 17.996781349182129 100.73198449611664 201.46396899223328 826.35221028327942 13.497586011886595 66.738064169883728 29.994635581970215 7.2487035989761344 144.22420608997345 18.246736645698547 1998.3925956487656 7.7486141920089713 103.48149275779724 4.9991059303283718 9.748256564140318 38.243160367012024 17.996781349182129 60.239226460456848 525.65598857402802 4.9991059303283683 5.9989271163940421 4.9991059303283683 1828.422994017601 199.71428191661835 172.71910989284515 17.496870756149292
leaf_count=84 82 56 35 322 45 44 55 40 52 33 59 21 455 587 700 32 137 27 223 1678 120 29 145 21 46 23 82 46 272 2216 154 553 21 65 91 183 72 403 806 3306 54 267 120 29 577 73 7995 31 414 20 39 153 72 241 2103 20 24 20 7315 799 691 70
internal_value=0.026747 0.0294631 0.0325327 0.030467 0.0209014 0.0261048 0.0362367 0.0194744 -0.0185984 0.00775927 0.0199551 0.0196277 0.0189088 0.0357547 0.0265742 0.0372368 0.0184683 0.0324723 0.0394944 0.0445902 0.0261183 0.0414562 0.0448269 0.0168365 0.0168578 0.0623208 0.0593961 0.0342583 0.0420954 0.0450271 0.0253742 0.0239926 0.0433265 0.0091275 0.0126555 0.0268696 0.0390921 0.0348849 0.0293718 0.0248671 0.0187735 0.0205291 0.026723 0.0342972 0.0365803 0.0559849 0.0263712 0.021547 0.034213 0.0405984 0.0240008 0.0410373 -0.0115536 0.0280911 0.0166919 0.00891531 0.0038962 -0.00103202 0.0193942 0.0259399 0.0182813 0.0226495
internal_weight=8635.46 5895.95 3074.45 2624.78 2739.51 1438.24 233.208 2506.3 31.2444 21.2462 2475.06 2460.31 2392.07 1186.54 343.439 194.465 2366.33 219.461 843.099 449.67 2821.5 775.861 68.2378 26.2453 67.238 41.9925 25.7454 186.467 768.613 621.889 1417.75 1288.02 440.921 21.4962 148.973 68.4878 129.727 118.729 208.213 1244.53 418.175 404.678 266.452 199.714 192.466 48.2414 2807.5 737.868 204.463 174.469 70.9873 47.9914 22.9959 2069.63 533.405 71.2373 66.2382 43.4922 2252.6 424.174 224.46 190.216
internal_count=34548 23588 12300 10501 10960 5754 933 10027 125 85 9902 9843 9570 4747 1374 778 9467 878 3373 1799 11288 3104 273 105 269 168 103 746 3075 2488 5672 5153 1764 86 596 274 519 475 833 4979 1673 1619 1066 799 770 193 11232 2952 818 698 284 192 92 8280 2134 285 265 174 9012 1697 898 761
is_linear=0
shrinkage=1


Tree=1
num_leaves=63
num_cat=0
split_feature=5 2 5 3 8 8 3 2 3 8 8 8 8 7 5 3 2 7 3 4 3 1 1 1 3 5 3 3 3 2 4 7 5 1 2 2 6 9 3 9 7 3 5 3 1 2 5 3 2 3 3 0 5 1 7 8 5 3 6 7 1 4
split_gain=49.4977 21.8872 21.8583 27.6584 21.8625 19.1927 16.5567 22.9207 15.2331 16.3386 16.2321 15.1577 14.1373 14.045 16.16 17.1824 13.7397 13.1203 13.0623 12.0665 20.6953 14.05 12.6015 12.3827 11.9259 11.2491 18.0872 15.1252 10.4713 10.7358 10.2532 10.2945 10.0722 11.2127 11.0447 10.1725 9.79802 9.78547 9.71537 15.1252 9.63725 9.54436 10.571 9.45767 9.41085 9.6841 9.39026 9.54573 9.1658 9.15637 15.7295 9.07677 9.01698 8.94368 8.80243 8.64185 8.62631 8.55361 10.4206 8.51506 8.29144 10.783
threshold=0.0042249529431672463 0.0068063174727290851 0.0047635454765381597 0.0076305421920208625 0.039258163566857789 -0.89339337819321929 -0.010789317190259771 -0.0055533802661535949 0.0095492631936835454 -0.87425166137827703 0.70093454868489713 0.77628027302751745 0.63329326878915759 2.4035213885288313 0.003547018333684994 0.00030993504431187097 -0.0011575957686877911 -2.3806622826855102 -0.015158991138696008 0.0013523052144404038 -0.0017864341009889981 0.0024599115982901769 0.0036381623281585011 -0.0012152472415642988 -0.008435134634984463 0.0039208769880514924 0.017892499810154842 0.017892499810154842 -0.0067385918643996226 -0.0032135785511302468 0.0024556645616650957 2.6596681240560422 0.0044271852941228105 -0.0018056876401963959 -0.0042358391339485371 0.00041855255851253054 -1.4420314637195195 7.7461306001969801 0.0015442995548591301 9.3627292614676012 -0.36917367796845901 0.016422149195832073 0.004388339406385275 1.0000000180025095e-35 -0.0024229188312361312 -0.002581321237260958 0.0034955689751369136 -0.013683022208136107 -0.0050389410899906997 0.015475589399222224 0.012549882253874324 -0.00072111449713041498 0.0040258251459815934 -0.0010083826090703238 inf 0.51990453430324857 0.0046265090556662702 -0.0029825059799772897 1.4667958615023784 0.28724569360975699 -0.00076246348239550333 0.00098417645990051894
decision_type=8 10 10 8 2 2 8 10 8 2 2 2 2 8 10 10 10 10 10 10 10 10 10 10 10 10 10 10 10 10 10 8 10 8 10 10 10 2 10 2 8 10 10 10 10 10 10 10 10 10 8 8 10 8 8 2 10 10 10 10 10 10
left_child=1 6 3 4 5 53 12 43 9 -9 16 19 36 -11 -15 -16 -10 -5 -4 20 23 24 -22 -6 32 26 49 37 29 -25 31 44 33 -21 55 -36 -1 -27 39 -23 -40 -19 -43 -8 -7 57 -38 -48 -49 50 -18 -13 -14 -2 -20 -34 -30 58 60 -35 -46 -62
right_child=2 -3 18 17 11 30 7 8 10 13 -12 51 52 14 15 -17 25 41 54 21 22 38 -24 28 -26 27 -28 -29 56 -31 -32 -33 34 59 35 -37 46 -39 40 -41 -42 42 -44 -45 45 -47 47 48 -50 -51 -52 -53 -54 -55 -56 -57 -58 -59 -60 -61 61 -63
leaf_value=-0.08618501876727043 0.089850157632201069 0.030387626742292909 -0.048777468336501012 0.077675596265378011 -0.033017706872702605 0.014076323856231372 0.038374715904182392 0.033636078613338304 0.058418231761190487 -0.0069846144947099667 0.059710614329681048 0.018624552041404053 0.035631242693439251 -0.096405348250465983 0.019346451751346194 -0.0732864725175323 -0.031144937474548957 0.017421537520127754 -0.00021208905628146299 0.049799006569271553 0.01027196032511038 0.0058990491094091909 0.075530978725225462 -0.020642892588656134 0.01323457409639704 -0.00034873902766639753 0.072362671916483615 -0.053096373326849647 -0.02342700199322742 0.045057481288114577 -0.0128249128082892 -0.06962963287200119 0.040537974983771846 0.012626205177288012 0.073682594931378617 0.0010940112734848584 -0.073651717588069016 0.032798874100090518 0.066414763405635888 -0.062851799149657731 -0.0034587286775724264 -0.068588535317887833 0.0069749781349426254 -0.030183437822231547 -0.009623761021743879 0.0014334340275912556 -0.002535042373646487 0.0039093823996831055 -0.04421280203504295 -0.077587244091577648 0.018309322325853226 -0.019545758497405485 -0.033968642779453523 0.021691985380488464 -0.054457395738381223 -0.043300849950782955 0.022619301693323528 0.0017751706595910217 0.047397508450416265 -0.057860611078881942 0.018320885965452394 -0.044288334998608764
leaf_weight=7.2499968707561484 7.7386312931776047 41.714827984571457 13.997882127761839 8.7244017422199232 48.499997109174728 116.69274728000164 40.19987028837204 24.469864994287491 10.728325352072714 2252.7607485502958 13.725029051303862 19.992844790220261 14.99239067733288 9.2371393740177172 12.743649020791056 8.2447713464498502 47.738335937261581 419.286939650774 2799.924852758646 11.492432832717894 172.93948119878769 15.999802589416506 7.7279942929744712 9.2454902082681674 637.98869159817696 40.989916920661926 5.7485859096050254 8.2479710876941663 46.748834475874901 18.987291008234024 169.96883061528206 5.245974823832511 7.9915242195129377 11.743007376790052 30.217950955033302 5.7439080327749243 9.4999943673610669 48.738010972738266 6.2470944076776505 15.999802589416502 23.491481751203541 6.7456127107143429 14.746675863862036 5.7499636709690085 67.748261466622353 907.54580892622471 39.499387219548225 12.498808681964872 47.49999213218689 6.2484629452228537 24.244078069925308 70.478258460760117 6.7481194734573355 12.731296643614771 7.4985903054475775 4.9947026371955872 12.999654710292814 87.733457699418068 5.7498940974473944 6.7459963560104361 7.9998526573181143 48.998845458030701
leaf_count=29 31 167 56 35 194 467 161 98 43 9012 55 80 60 37 51 33 191 1678 11202 46 692 64 31 37 2553 164 23 33 187 76 680 21 32 47 121 23 38 195 25 64 94 27 59 23 271 3631 158 50 190 25 97 282 27 51 30 20 52 351 23 27 32 196
internal_value=9.17304e-08 -0.00555322 0.00258067 0.00549749 0.00353465 -0.000610052 -0.00610896 -0.00519953 -0.00583919 -0.00700329 0.00717434 0.00855938 -0.0229797 -0.00743888 -0.041296 -0.0170421 0.00343214 0.0169576 -0.000597206 0.0101834 0.00196216 0.0135319 0.0130634 -0.0127331 0.0155028 0.000190085 -0.0132382 0.0117 -0.00155119 0.0235423 -0.00130412 0.000265288 0.0338373 0.0110153 0.0478161 0.0620886 -0.0299008 0.0176562 -0.00935538 -0.0284764 0.0112194 0.0157558 -0.0167415 0.0297956 0.000560399 -0.000840599 -0.026157 -0.0216223 -0.0341881 -0.0195283 -0.0144885 -0.0111107 0.0140279 0.0474591 -0.000356978 0.00829227 -0.0134086 -0.0102975 -0.018414 -0.013092 -0.0214475 -0.035501
internal_weight=8634.87 2739.52 5895.35 3073.93 2624.43 1438.15 2697.8 2559.81 2513.86 2307.46 206.409 1186.28 137.989 2282.99 30.2256 20.9884 192.684 449.504 2821.42 1095.81 317.149 778.656 180.667 136.481 716.918 181.955 83.9795 97.9759 87.9813 28.2328 1417.68 1247.71 78.9295 29.9814 48.9481 35.9619 116.248 89.7279 61.7382 31.9996 29.7386 440.779 21.4923 45.9498 1242.47 1125.78 108.998 99.4982 59.9988 78.2309 71.9824 90.4711 21.7405 20.4699 2807.42 12.9862 59.7485 218.23 130.497 18.489 124.747 56.9987
internal_count=34548 10960 23588 12300 10501 5754 10793 10241 10057 9231 826 4747 552 9133 121 84 771 1799 11288 4385 1269 3116 723 546 2869 728 336 392 352 113 5672 4992 316 120 196 144 465 359 247 128 119 1764 86 184 4971 4504 436 398 240 313 288 362 87 82 11232 52 239 873 522 74 499 228
is_linear=0
shrinkage=0.05


Tree=2
num_leaves=63
num_cat=0
split_feature=5 2 5 3 8 8 3 2 3 2 8 3 4 1 3 8 7 5 3 5 3 7 1 1 3 1 1 5 8 3 7 5 2 8 4 8 9 5 3 3 9 2 8 3 3 2 3 3 5 3 4 1 4 8 6 1 4 2 3 5 5 1
split_gain=44.6779 19.7682 19.7378 26.8974 18.1931 15.6276 14.9531 20.7086 13.7505 14.781 14.7592 12.9783 12.8959 17.5123 17.4507 12.7648 12.7321 14.7218 15.5574 12.7231 13.0692 11.8357 11.5339 10.4108 12.3477 10.2828 9.82139 9.45539 9.52356 9.30551 10.0978 9.25427 22.5405 9.91563 9.18907 9.04078 16.0032 12.5424 12.993 17.4848 11.6258 11.2795 18.4031 11.4317 13.0098 10.5648 14.2872 11.6883 10.454 10.0998 8.99534 13.4072 8.90686 9.80907 8.87281 8.86801 8.83348 8.66495 11.4412 12.9876 11.2327 10.4603
threshold=0.0042249529431672463 0.0068063174727290851 0.004776796488821974 0.0076305421920208625 0.039258163566857789 -0.87425166137827703 -0.010789317190259771 -0.0055533802661535949 0.0095492631936835454 -0.0011575957686877911 -0.87425166137827703 -0.015158991138696008 0.0013179250414301308 0.0040721172653404034 -0.0017864341009889981 0.63329326878915759 2.4035213885288313 0.003547018333684994 0.00030993504431187097 0.0037912872607278754 0.012192303883328927 -2.3806622826855102 0.0021524214707993043 -0.00031701870310651964 -0.0075636562838345958 0.0035324912541865321 0.00019834281647934662 0.0043304450664032523 0.5963805211269303 0.011915521115681395 -0.24882702406932525 0.0044965911665072319 0.0023528603389264551 -0.46402010588742321 0.0010352519874261264 -0.3509198284256923 7.6241766422182167 0.0051182784783288257 -0.00064742167577769283 -0.0097456004193006134 5.3453689018158217 0.003947045414683715 -0.79829939151982487 0.0056232391011601388 -0.0011204107332387634 -0.0039294442538189136 -0.01182451944091145 -0.01182451944091145 0.005509676548785202 0.00089966923719853053 0.001561102913437424 -0.00041233314228428236 0.00098417645990051894 -0.24064954212243547 -1.4420314637195195 9.3191020229532753e-05 0.0011408879946791116 3.1897383712120593e-05 1.0000000180025095e-35 0.0044576206504189659 0.0045955057433083113 -0.00082380567747630795
decision_type=8 10 10 8 2 2 8 10 8 10 2 10 10 10 10 2 8 10 10 10 8 10 10 10 10 8 10 10 2 10 10 10 10 2 10 2 2 10 10 10 2 10 2 10 10 10 10 10 10 10 10 8 10 2 10 10 10 10 10 10 10 10
left_child=1 6 3 4 5 50 15 -8 10 -10 -9 -4 14 27 23 54 -12 -18 -19 20 22 -5 -11 -6 -25 26 34 -14 -29 -21 -31 32 33 -23 -16 36 37 -13 39 -39 -40 43 -43 44 -38 47 -47 -37 -41 -42 -2 -52 53 -33 -1 -34 -26 58 59 -30 61 -60
right_child=2 -3 11 21 12 -7 7 8 9 19 16 35 13 -15 25 -17 17 18 -20 29 -22 31 -24 24 56 -27 -28 28 57 30 -32 52 55 -35 -36 45 41 38 40 48 49 42 -44 -45 -46 46 -48 -49 -50 -51 51 -53 -54 -55 -56 -57 -58 -59 60 -61 -62 -63
leaf_value=-0.082032161620097299 0.062415285073037501 0.02889818221190877 -0.049126140877782651 0.074223976809350264 -0.026078243804316947 -0.0012585681090003208 0.028348552515361593 0.031998106160560667 0.060245280979797304 -0.053200393915980915 -0.0066350057468939072 0.021542717823404535 0.00073089535003365068 -0.062733514452677913 0.035429383052026281 0.013333512392602678 -0.092140501200049491 0.018389021941215885 -0.069849335262334153 0.025077692865336145 0.0074776517030367314 -0.0077559114484420074 0.030074812009170671 0.03372733746913123 0.0033379115446515468 0.066022305991230226 -0.0042360572555164566 0.017390404634893806 -0.028993329252616468 -0.028069716323234264 0.012909194056321913 0.091779453493948934 0.02829532827406589 0.031255200794975277 0.0026838677623578725 -0.024324558146038445 -0.017047807810604783 0.04610401367036171 -0.034763092080470452 -0.069303483354793541 0.088764667616100551 0.072563113764099449 -0.00090648803525358022 -0.029737706748567586 0.0013240526828524318 0.045640097965834424 -0.00041840065421648657 0.015046164455087172 0.0093438820920855922 0.013550380913691052 0.050645216517021134 -0.039189225401361244 0.019087676628913319 0.02353651344952841 -0.02485778869142366 -0.013705344558157332 -0.042637180025778015 0.016450331941250423 0.030864702443179626 0.018952588837670922 -0.071152339774634046 -0.044381496481580525
leaf_weight=7.2364140450954428 14.958952039480211 41.672640055418015 13.731508180499075 8.6747901886701566 78.232663124799728 1436.8541458249092 45.882654935121536 24.43714365363121 12.182273924350737 24.745198220014576 2252.8858960866928 86.451148942112923 163.17020270228386 7.9976107180118552 43.226512655615807 21.72963111102581 9.1826975643634814 12.736956819891931 8.2185469418764097 67.675796046853065 30.224919900298119 19.979990348219872 4.9977801740169516 19.965442806482315 28.494264021515846 7.6896341592073432 93.450149714946747 536.97164136171341 19.732828706502914 22.981186002492905 43.46643503010273 9.241992115974428 14.486074969172476 88.163229569792747 42.477474719285965 20.745768919587135 213.72745427489281 5.74713967740536 9.9995182901620847 18.245806917548183 5.4969204366207149 9.7450839579105359 67.99249105155468 77.992121621966362 175.47727511823177 16.996533572673798 1795.3854166716337 206.4581786096096 5.4986189156770697 23.735765546560287 8.9663155674934369 7.7372355163097408 209.05449520051479 12.238677471876143 108.96177391707897 94.898319900035858 16.496533080935478 78.449627041816711 8.9940235614776629 49.694402232766151 11.243367075920103 9.4941183328628558
leaf_count=29 60 167 55 35 313 5749 184 98 49 99 9012 346 653 32 173 87 37 51 33 271 121 80 20 80 114 31 374 2150 79 92 174 37 58 353 170 83 855 23 40 73 22 39 272 312 702 68 7183 826 22 95 36 31 837 49 436 380 66 314 36 199 45 38
internal_value=1.73407e-07 -0.0052761 0.00245211 0.00516104 0.00325248 -0.000492897 -0.00580404 -0.00493989 -0.00554749 0.00682096 -0.00665316 -0.000638163 0.00777645 0.0109198 -0.000659704 -0.0218407 -0.00706688 -0.03935 -0.0162172 0.00346774 -0.0156773 0.0163779 -0.0392075 -0.0137933 0.00100263 0.00940529 0.00697518 0.0115909 0.0140707 0.0120277 -0.00126353 0.0152579 0.00786048 0.0240477 0.0191997 -0.000395139 -0.00529755 0.00886861 -0.00707479 -0.03215 0.0117747 -0.00933149 0.00830357 -0.0122658 -0.00876465 0.00128767 1.35363e-05 0.0114513 -0.0510907 0.0276937 0.0342535 0.00903309 0.022238 0.0528978 -0.0284184 -0.00814308 -0.0135195 0.00403406 -0.0057891 0.00532525 -0.0317427 -0.00777608
internal_weight=8633.68 2739.22 5894.46 3141.03 2684.3 1468.52 2697.55 2559.62 2513.73 206.274 2307.46 2753.43 1215.78 885.748 330.033 137.928 2283.02 30.1382 20.9555 194.091 59.9679 456.738 29.743 143.189 64.9562 186.844 179.154 877.75 714.58 134.123 66.4476 448.063 217.528 108.143 85.704 2739.7 700.109 155.175 68.7238 29.4916 39.2322 544.934 77.7376 467.197 389.205 2039.59 1812.38 227.204 23.7444 29.2327 31.6625 16.7036 230.535 21.4807 116.198 109.384 44.9908 177.608 99.1587 69.4272 29.7315 18.4881
internal_count=34548 10960 23588 12572 10743 5876 10793 10241 10057 826 9231 11016 4867 3546 1321 552 9133 121 84 777 240 1829 119 573 260 748 717 3514 2861 537 266 1794 871 433 343 10961 2801 621 275 118 157 2180 311 1869 1557 8160 7251 909 95 117 127 67 923 86 465 438 180 711 397 278 119 74
is_linear=0
shrinkage=0.05


Tree=3
num_leaves=63
num_cat=0
split_feature=5 5 3 8 2 8 3 2 8 3 8 8 7 5 3 8 2 7 3 4 3 1 3 1 1 5 3 3 4 7 3 5 1 2 2 9 3 2 3 5 1 2 3 3 3 5 9 4 5 3 9 5 8 2 4 5 1 1 2 0 2 3
split_gain=40.3314 17.8708 22.5312 17.9309 17.8597 16.1221 13.5104 18.7098 13.1868 12.4126 14.3318 13.3369 11.5762 13.4986 14.1198 11.5308 11.2561 10.9213 10.6319 9.78249 17.0009 12.4049 10.7817 10.5645 10.5258 9.35331 16.096 13.3036 9.23683 9.31116 8.99927 8.85073 10.0914 10.0565 9.26911 8.77708 8.69596 9.60878 8.56371 8.51563 8.47808 8.7865 8.47431 13.5075 8.47327 9.40284 8.25892 8.37373 9.68366 9.48932 8.16347 8.14432 8.14422 13.9762 10.9771 10.6904 13.3928 9.50403 8.14353 8.11148 8.06758 20.1808
threshold=0.0042249529431672463 0.0047635454765381597 0.0076305421920208625 0.039258163566857789 0.0068063174727290851 -0.89339337819321929 -0.010789317190259771 -0.0055533802661535949 0.77628027302751745 0.0095492631936835454 0.70093454868489713 -0.87425166137827703 2.4035213885288313 0.003547018333684994 0.00030993504431187097 0.63329326878915759 -0.0011575957686877911 -2.3806622826855102 -0.015158991138696008 0.0013523052144404038 -0.0017864341009889981 0.0024599115982901769 -0.008435134634984463 0.0035324912541865321 -0.0012152472415642988 0.0039208769880514924 0.017892499810154842 0.017892499810154842 0.0024556645616650957 2.6596681240560422 0.0054309190424994833 0.0044271852941228105 -0.0018056876401963959 -0.0042358391339485371 0.00041855255851253054 7.7461306001969801 -0.0067385918643996226 -0.0032135785511302468 1.0000000180025095e-35 0.0034955689751369136 -0.0024229188312361312 -0.002581321237260958 0.015475589399222224 0.012549882253874324 0.016422149195832073 0.0043583926228680462 11.911742495774755 0.0010901934883261594 0.0043304450664032523 -0.004830588647210198 7.0518991979594974 0.0040258251459815934 0.0059104494299620875 -0.0044691836597401382 0.00066159673018380434 0.0034624606674357548 -0.00094666260198827945 -0.0014618235150622991 -0.0036781918182287039 -0.00072111449713041498 -0.0012910392880813857 -0.00064742167577769283
decision_type=8 10 8 2 10 2 8 10 2 8 2 2 8 10 10 2 10 10 10 10 10 10 10 8 10 10 10 10 10 8 10 10 8 10 10 2 10 10 10 10 10 10 10 8 10 10 2 10 10 10 2 8 2 10 10 10 10 10 10 10 10 8
left_child=4 2 3 5 6 -2 15 38 19 11 16 -9 52 -14 -15 39 -11 -4 58 20 24 22 31 -22 50 26 42 35 29 40 -23 32 -21 -33 -35 -27 37 -26 -8 -1 -7 46 43 -18 -19 -46 47 48 -42 -50 -5 -17 54 -54 57 56 -55 -13 -3 -10 61 -57
right_child=1 18 17 8 -6 28 7 9 59 10 -12 12 13 14 -16 51 25 44 -20 21 23 30 -24 -25 36 27 -28 -29 -30 -31 -32 33 -34 34 -36 -37 -38 -39 -40 -41 41 -43 -44 -45 45 -47 -48 -49 49 -51 -52 -53 53 55 -56 60 -58 -59 -60 -61 -62 -63
leaf_value=-0.070601722691757879 0.043630167137042229 -0.075985043711742611 0.071110986562977804 -0.039633859367443999 0.02749240312760964 0.013410845463756814 0.035159410937451313 0.030454227946324637 0.017522085200017176 0.052973603425471728 0.055980047908538721 0.012463080841084781 -0.088431165888825256 0.01748162264010494 -0.066733544761275812 0.033221090553989564 -0.028714296233686817 0.015799802203477792 -0.00032672824548042839 0.047049189725236383 0.0093855085155569659 -0.018356332795942547 0.011980196541683545 0.06948755895883732 -0.020048579499781956 -0.00091032658704383285 0.068671256250355833 -0.050218822937810027 -0.012124356768907506 -0.066258830249263503 0.030720710442725736 0.0070039105345997893 -0.012658609277245495 0.069508494993763978 0.00017021025255103996 0.030495238979056483 -0.01195078926944676 0.042144626740953123 -0.030091858786927401 -0.022812105106979581 0.049411932596133593 0.0014163772555262047 -0.073986390875265859 0.017124113526745796 -0.074735973981495285 0.0023670726425054208 0.045762749823083898 -0.016075570848526038 -0.038670819881913697 0.021347499209828865 0.01434208132769689 -0.032936115018165769 0.023887375010602178 -0.04723803879048416 -0.0082643109268935519 -0.0061694316976340681 -0.0080703934849235982 -0.042396046617956054 0.0016719598617853703 -0.018570198301357893 -0.005865000983999398 0.020293165822715037
leaf_weight=10.221408173441885 20.351759687066078 8.2191252261400205 8.6035738140344602 39.966133773326874 41.614770963788033 116.65516819059849 40.067274793982506 24.393283933401108 19.981006041169167 10.633977487683294 13.656809806823729 9.7497820705175382 9.0916895866394061 12.728392839431764 8.1732568591833097 14.975707724690439 47.720427572727203 418.82578882575035 2807.2239211350679 11.466242522001265 172.85697610676289 50.225676611065865 637.52511897683144 7.6345093995332709 9.2414223402738589 40.977921321988106 5.732779160141944 8.2477385103702527 169.98546108603477 5.2325308918952933 11.475066617131231 12.967786073684691 18.485253721475605 30.067036092281342 5.7399632483720771 48.671392992138863 59.730687707662582 18.93551529943943 5.7499321401119223 105.88710464537144 10.998460903763769 907.53835114836693 6.2472269237041465 24.232563659548759 5.2272383272647884 16.235981971025467 6.4985762685537329 174.21481713652611 12.248246461153029 14.245442152023317 8.4938734620809537 6.7482716739177695 45.245081707835197 30.998894780874252 1055.9812084436417 189.4890410900116 73.749104797840118 41.499612584710121 5.7290689796209326 70.472297444939613 689.99687433242798 116.2441850155592
leaf_count=41 82 33 35 160 167 467 161 98 80 43 55 39 37 51 33 60 191 1678 11232 46 692 201 2553 31 37 164 23 33 680 21 46 52 74 121 23 195 239 76 23 424 44 3631 25 97 21 65 26 697 49 57 34 27 181 124 4224 758 295 166 23 282 2760 465
internal_value=2.5519e-07 0.00233012 0.00496862 0.00319731 -0.00501324 -0.000555752 -0.00551478 -0.00469353 0.00775054 -0.00527073 0.00648527 -0.00632093 -0.00671387 -0.0375719 -0.0154494 -0.0207637 0.00297324 0.0153198 -0.00054309 0.00926646 0.00186072 0.0122828 0.0141359 0.0119277 -0.0114636 4.90612e-05 -0.0121982 0.0105494 -0.0011901 0.000299656 -0.00922901 0.031593 0.0101992 0.0447304 0.0583934 0.01614 -0.0011498 0.0217466 0.0269706 -0.0270192 0.000579976 -0.000749623 -0.0181266 -0.0132767 0.0142296 -0.0164109 -0.00975823 -0.0114625 0.00997302 -0.00639945 -0.0301732 0.0126702 -0.00630306 -0.00334778 -0.00936107 -0.00446753 -0.0196616 -0.0319595 -0.0440883 -0.0105975 -0.00286916 0.00389203
internal_weight=8632.02 5893.3 3072.13 2623.23 2738.73 1437.97 2697.11 2559.28 1185.26 2513.46 206.121 2307.34 2282.95 29.9933 20.9016 137.832 192.464 448.893 2821.17 1094.81 316.859 777.952 716.251 180.491 136.368 181.83 83.933 97.8971 1417.62 1247.63 61.7007 78.7263 29.9515 48.7748 35.807 89.6493 87.9076 28.1769 45.8172 116.109 1242.4 1125.74 78.2002 71.953 440.289 21.4632 218.206 211.707 37.4921 26.4937 48.46 21.724 2252.95 1145.72 1107.23 1100.48 104.748 51.2494 13.9482 90.4533 995.73 305.733
internal_count=34548 23588 12300 10501 10960 5754 10793 10241 4747 10057 826 9231 9133 121 84 552 771 1799 11288 4385 1269 3116 2869 723 546 728 336 392 5672 4992 247 316 120 196 144 359 352 113 184 465 4971 4504 313 288 1764 86 873 847 150 106 194 87 9012 4583 4429 4402 419 205 56 362 3983 1223
is_linear=0
shrinkage=0.05


Tree=4
num_leaves=63
num_cat=0
split_feature=5 8 4 2 5 8 5 3 2 3 5 1 3 8 8 7 7 4 3 3 1 1 1 2 8 4 1 1 7 2 8 9 8 7 4 3 4 0 4 2 3 2 5 8 9 5 5 3 9 2 8 6 5 3 3 5 5 2 6 1 3 4
split_gain=36.412 16.326 21.569 16.14 13.888 15.0957 12.2727 12.2144 16.9163 11.8545 14.4419 11.7707 11.2075 13.0155 12.0553 10.9388 13.4586 10.6953 15.8584 12.6412 12.2862 12.1262 10.54 10.4297 10.4191 10.2955 11.8167 11.527 10.2526 10.2279 9.96285 9.57537 9.54441 9.33801 9.31868 8.98437 9.3261 8.95151 8.75326 11.5588 8.68947 9.53795 15.5792 9.00009 8.67911 8.67292 8.56141 8.80938 14.3924 9.06256 8.88524 8.50378 8.4493 14.5798 12.0202 8.39658 8.26366 10.5315 8.10874 8.08621 10.6513 8.95457
threshold=0.0042249529431672463 0.039258163566857789 0.0021927072046415571 0.0068063174727290851 0.0054448686335274348 -0.60886048187321962 0.0047635454765381597 -0.010789317190259771 -0.0055533802661535949 0.0076305421920208625 0.0055619740810703517 -0.0032988469228003576 0.0095492631936835454 0.70093454868489713 -0.87425166137827703 1.6396138996493976 1.0656218960665516 0.0013179250414301308 -0.0017864341009889981 0.015475589399222224 0.0035324912541865321 0.0040721172653404034 0.00019834281647934662 -0.0024864808503206599 0.63329326878915759 0.00099419056206287199 0.00057257619927675318 -0.0021394152303431109 0.25595487217188301 -0.0011575957686877911 0.91788789855456321 9.4486586421791721 0.27018965393481403 inf 0.0011661859355387816 -0.0019266176510974729 0.0025053134411191142 -0.0015744461342572789 0.0031622143492409448 0.0046903497337247311 -0.0078379515983026931 -0.0042358391339485371 0.0036281996008302045 -0.51595122122929127 10.199554445447516 0.0040179928499315285 0.0043304450664032523 -0.0091579753329815699 12.301180409107992 -0.0032660417244514402 0.26313281382019083 0.3237550587522286 0.0039208769880514924 0.017892499810154842 0.017892499810154842 0.0049955773517765716 0.0044012257021697849 0.00041855255851253054 -1.4420314637195195 -0.00031701870310651964 -0.0067385918643996226 0.0011408879946791116
decision_type=8 2 8 10 8 2 10 8 10 8 10 8 8 2 2 8 10 8 8 10 10 10 10 10 2 10 10 10 10 10 2 2 2 8 10 8 8 10 10 10 10 10 10 2 2 10 8 10 2 8 2 10 10 10 10 10 8 10 10 10 10 10
left_child=3 2 9 7 -4 -6 17 24 -9 33 25 -7 14 29 -10 16 23 18 59 20 22 30 -20 32 58 55 27 -27 51 -14 46 -30 40 -2 -17 -13 -37 -8 -39 -40 -16 42 -42 44 -43 -44 -19 48 49 50 -48 -25 53 -31 -54 -11 -51 -58 -1 -3 -61 -62
right_child=1 6 4 -5 5 11 37 8 12 10 -12 35 13 -15 15 34 -18 21 19 -21 -22 -23 -24 28 -26 26 -28 -29 31 52 -32 -33 -34 -35 -36 36 -38 38 39 -41 41 43 45 -45 -46 -47 47 -49 -50 56 -52 -53 54 -55 -56 -57 57 -59 -60 60 61 -63
leaf_value=-0.077161563800863614 0.0011752322433444572 -0.023011250116519263 -0.0041946024298367577 0.026163567148634555 -0.058568411399947812 0.048763194987276617 0.020424465093842506 0.025684063998266227 0.028996346402401719 0.052382329171461732 -0.046746229953170466 -0.043452135922800533 0.050645631979607024 0.053469201307751818 -0.025780680924536878 -0.076704630877232727 0.0067521206012263737 0.0024189455732058127 0.019767256707757377 -0.069778446736206007 0.06040150126850944 -0.039570942372110458 -0.0021637845792940838 -0.0067772376546525598 0.0120508307103495 -0.016927769196364524 0.0010701811025973617 0.029335149810857299 -0.01805186661708515 -0.017233040744584517 -0.041575893699018214 -0.0010962030133612201 0.011523814877820372 -0.054853016642844948 -0.018716165419030609 0.017261650581360602 -0.021162888193919319 0.0015879072932963993 -0.028563278087666424 0.05002658053010467 0.053596422743313478 -0.0065931558132068723 -0.046306513368236497 0.010912164092712326 -0.072850484064907725 -0.0036597316994764779 0.042429003768758078 0.012788463854952636 0.080664144366821136 -0.016692108434373659 -0.032057819955244225 0.018720191612146473 0.015345314447922063 0.065566874998925773 -0.047770710658017641 -0.0074572077212314396 0.068638645116937166 -0.0090827811964272996 -0.022301424083979088 0.030050264037161295 0.004317397167932782 -0.043300425843590312
leaf_weight=7.1801652461290351 1890.8286059945822 77.376356333494186 789.42512387037277 41.543747007846832 22.993423625826836 6.9982306659221649 60.727503433823586 45.709970042109489 24.34009376168251 26.89610929787159 10.248168051242827 26.244669228792191 10.568293571472166 13.584999799728392 42.496002152562141 7.5921186208724967 197.7457273453474 187.7974054068327 102.55362783372402 4.9821828156709662 11.809038296341894 11.726197898387907 117.61647343635559 1052.9747972637415 21.699753269553185 15.720972239971159 149.27430522441864 93.806063592433929 405.99078999459743 78.144700944423676 8.7414893656969053 104.74889004230499 128.46669074892998 7.4660670310258856 79.206961512565613 22.733219608664513 51.714796721935272 1265.9202120900154 43.239610657095909 5.24630382657051 6.4983828961849204 35.249433875083923 28.994275853037834 132.98719410598278 5.7485373318195334 20.246127665042877 5.9597676545381573 748.61928759515285 12.400234743952749 5.7367632091045406 12.197558790445326 33.748971924185753 89.580787673592567 5.7046755254268637 8.2371242940425855 7.4961289614439002 18.278536334633831 5.7234248518943778 108.79975306987762 21.13995735347271 26.496889531612396 15.736405447125433
leaf_count=29 7567 310 3159 167 92 28 243 184 98 108 41 105 43 55 170 31 791 752 411 20 48 47 471 4212 87 63 598 376 1624 313 35 419 514 30 318 91 207 5065 173 21 26 141 116 532 23 81 24 3000 50 23 49 135 359 23 33 30 74 23 436 85 106 63
internal_value=3.2671e-07 0.00221428 -0.000264964 -0.00476422 -0.00669395 -0.0217918 0.00500842 -0.00524076 -0.0044601 0.00242172 0.0115981 -0.0139395 -0.00500843 0.00617108 -0.00600581 -0.00637903 -0.00569088 0.00831287 0.00112806 0.00902401 0.0107164 0.0109808 0.00805153 -0.00692229 -0.0197482 0.0136375 0.0102219 0.0226948 -0.00873146 0.0028286 0.0115704 -0.0145744 0.000290528 0.000954871 -0.0237883 -0.0182973 -0.00942969 0.00165648 0.000789371 -0.0200596 -0.00501071 -0.00116853 -0.0191685 0.00459803 -0.0158834 -0.0287715 0.0120365 0.0142693 0.0326548 0.0202253 -0.00760906 -0.0059854 4.68934e-05 -0.0115998 0.0100304 0.0393397 0.0372198 0.0501055 -0.0256977 -0.0121653 0.0010772 -0.0134253
internal_weight=8629.66 5891.87 3121.85 2737.79 920.109 130.684 2770.03 2696.25 2558.57 2201.74 303.442 107.691 2512.86 205.821 2307.03 2282.69 2195.9 1394.89 377.711 236.961 231.979 1017.18 220.17 1998.15 137.68 293.194 258.801 109.527 1597.46 192.236 1005.45 510.74 400.687 1898.29 86.7991 100.693 74.448 1375.13 1314.41 48.4859 272.22 229.724 55.7388 173.985 40.998 49.2404 996.713 808.916 60.2963 47.8961 18.1573 1086.72 181.667 83.8494 97.8179 34.3922 29.7387 24.002 115.98 140.75 63.3733 42.2333
internal_count=34548 23588 12495 10960 3682 523 11093 10793 10241 8813 1216 431 10057 826 9231 9133 8784 5591 1514 950 930 4077 882 7993 552 1175 1037 439 6390 771 4030 2043 1603 7597 349 403 298 5502 5259 194 1089 919 223 696 164 197 3995 3243 243 193 73 4347 728 336 392 138 120 97 465 564 254 169
is_linear=0
shrinkage=0.05


Tree=5
num_leaves=63
num_cat=0
split_feature=5 8 4 3 8 5 8 7 5 3 2 5 2 3 4 2 5 1 3 5 2 8 8 7 2 3 4 3 1 3 1 8 5 7 4 4 5 7 3 8 5 9 6 8 3 4 0 8 3 5 1 2 8 2 2 4 2 5 4 4 1 5
split_gain=32.8774 14.5188 18.4205 14.0546 14.6525 12.8525 13.6463 11.9198 13.2767 12.0793 11.4772 10.7086 10.6601 11.0985 13.4617 10.6903 22.6189 10.6303 10.4832 12.9396 10.1859 12.9556 12.1178 9.81474 9.79406 9.48482 9.27438 12.7267 11.786 11.2957 11.4108 10.9176 9.97005 9.26351 9.00492 11.8818 8.66332 8.44093 8.35878 8.21755 11.7853 16.89 8.37862 8.12907 8.11181 8.42021 8.08239 8.07592 7.98325 8.27666 16.2934 11.2758 10.4676 10.2135 8.06633 7.89972 10.4383 7.78914 8.11621 7.74293 11.0032 8.66035
threshold=0.0042183971767908446 0.039258163566857789 0.0021927072046415571 0.0095492631936835454 0.74453387372264468 0.0054448686335274348 -0.60886048187321962 2.4035213885288313 0.003547018333684994 0.00030993504431187097 0.0068063174727290851 0.0047635454765381597 -0.0053906866925395027 -0.0078379515983026931 0.001302904089987013 -0.0036130856552727404 0.0037386158591615529 -0.0032988469228003576 0.0076305421920208625 0.0055619740810703517 -0.0024864808503206599 -0.87425166137827703 -0.51595122122929127 1.0656218960665516 -0.0011575957686877911 -0.0099806313039039179 0.0013179250414301308 -0.0017864341009889981 0.0027380511021517511 0.015475589399222224 0.0035324912541865321 0.91788789855456321 0.0047485250126465929 0.25595487217188301 0.0010516854340968586 0.0022770373235424073 0.0043304450664032523 inf -0.0033458091438509636 0.087296660576441518 0.0035680039022772093 7.5672827169820147 0.020242246955302731 -0.75437247182890033 -0.0019266176510974729 0.0024927326146161805 -0.0015744461342572789 -0.87425166137827703 -0.008435134634984463 0.0044271852941228105 -0.0018384685764427642 -0.0040818910979583114 0.51990453430324857 0.0005923998856962599 -0.0050389410899906997 0.0031622143492409448 0.0046903497337247311 0.0032048636817902693 0.00063042650496519933 0.00165192713059052 -0.0010795498445288485 0.0052038721008379465
decision_type=8 2 8 8 2 8 2 8 10 10 10 10 10 10 10 10 10 8 8 10 10 2 2 10 10 10 8 8 10 10 10 2 8 10 10 10 8 8 10 2 10 2 10 2 8 8 10 2 10 8 8 8 2 10 10 10 10 10 10 10 10 10
left_child=3 2 18 7 24 47 -7 10 -9 -10 12 26 34 14 15 16 -14 -8 37 43 22 -22 -15 33 -5 -18 27 -3 31 30 32 36 -29 -23 -1 -36 -28 -2 -35 42 -41 -42 -16 -20 -19 -46 -13 -4 49 50 -38 52 -51 -53 -50 59 -57 -26 -59 -48 61 -61
right_child=1 11 5 4 -6 6 17 8 9 -11 -12 46 13 20 39 -17 25 44 19 -21 21 23 -24 -25 57 -27 28 29 -30 -31 -32 -33 -34 38 35 -37 48 -39 -40 40 41 -43 -44 -45 45 -47 55 -49 54 51 -52 53 -54 -55 -56 56 -58 58 -60 60 -62 -63
leaf_value=-0.016846822255641783 0.0010585180239844917 -0.010701217348729912 0.028273877838313356 0.050151603949351004 0.058292283350406093 -0.055693256463642871 0.046382024866276163 -0.085197453072964974 0.015496796737194972 -0.062403835124736101 0.039270795484186403 0.01941097568987489 -0.083377647634588936 -0.017229084470008357 -0.018746684218692598 0.0090385298046926892 0.03535383503634288 -0.041288554131941525 -0.015683591477092976 -0.044425150934402267 0.034240121440728293 -0.0056766007939176057 0.0071310911158463733 0.0029410345002933574 -0.051236790830505266 -0.044791204921514921 0.0025671852463615779 0.0055442916604447933 -0.0095388726379544344 -0.066391939330530655 0.057838294159426568 -0.046530055915427651 0.074066237094270293 -0.027560531284577479 0.03171124260924859 -0.038118381615292178 0.066189566283584078 -0.052308012012452082 -0.010874778750453413 0.047472000397920301 -0.07860096925513424 -0.0079810167940361134 -0.048811549013460014 0.01515165428100897 0.016817231225731515 -0.019927729283149676 -0.0039495516394775967 -0.004577153454891035 -0.015435460383871964 0.03790398566430303 -0.036995419137959694 0.065498894634979862 -0.046012792085134598 -0.0056361555316663745 0.013949283752353181 -0.02712970076861472 0.047613832933946089 0.050681613871284219 0.0013046072754586276 0.005472624021579533 0.00094350304883194895 0.025811890363516589
leaf_weight=18.891599327325821 1902.2877571582794 142.60430669784546 19.171511963009834 10.97980561852455 13.263267129659651 22.971827536821365 6.9898170232772827 9.648396238684656 12.980544656515123 8.0699484199285489 14.373284578323362 60.703875005245209 10.963788107037546 61.950655624270439 44.64374053478241 71.408494591712952 11.234509781003 26.238976091146469 23.19297556579113 10.24447165429592 19.314655438065529 1015.7023457586765 290.15401844680309 219.24169763922691 6.7260157167911521 5.4983401447534552 187.78277111053467 217.39683419466019 70.123323306441307 4.974643036723136 11.718045458197592 7.9833396524190894 5.4414494484663001 92.989811092615128 49.181022837758064 6.952995389699935 5.943660631775856 7.4385305643081656 389.20620523393154 7.4913180023431769 9.9856114834547025 55.661320611834526 48.185870468616486 272.53318777680397 22.226143538951874 52.223414823412895 429.37746652960777 774.2754220366478 24.202077776193619 9.177346855401991 10.736718952655794 32.637939170002937 6.2448053807020178 5.9688052684068671 666.93304973840714 43.247948408126831 5.2367650866508475 8.7052228748798353 189.19894629716873 123.70398083329201 622.09307290613651 90.716870650649071
leaf_count=76 7613 572 77 45 54 92 28 40 52 33 58 243 44 248 179 286 45 105 93 41 78 4063 1161 877 27 22 752 871 281 20 48 32 22 372 198 28 24 30 1557 30 40 223 193 1093 89 209 1718 3098 97 37 43 133 25 24 2674 173 21 35 759 495 2489 363
internal_value=4.20431e-07 0.00208509 -0.000246004 -0.00456966 0.00728441 -0.00617617 -0.0207076 -0.00566641 -0.0366286 -0.0143673 -0.00527734 0.00471319 -0.00554099 -0.00613242 -0.0157701 -0.00118865 -0.0275567 -0.0132439 0.00222728 0.0108196 -0.00490923 -0.00648159 0.00284507 -0.00693963 0.00414666 0.00901853 0.00777517 0.00112467 0.010248 0.00816519 0.00974645 0.0116969 0.00721752 -0.00838583 0.0130128 0.0230619 0.0121864 0.000850651 -0.0140926 -0.0244772 -0.0119429 -0.0187231 -0.0343527 0.0127333 -0.0173831 -0.0089579 0.00157374 -0.0037834 0.0145574 0.0305593 -0.000227878 0.0400642 0.00392404 0.054501 0.0129203 0.000749935 -0.0190568 0.00167818 0.00347656 0.00150855 0.00431016 0.0140777
internal_weight=8627.35 5924.74 3139.79 2702.6 228.873 924.097 130.65 2473.73 30.6989 21.0505 2443.03 2784.95 2428.66 2353.63 265.073 99.1051 27.6966 107.678 2215.7 305.971 2088.56 1736.45 352.105 1717.14 215.61 16.7328 1409.87 382.135 1027.73 239.531 234.556 957.611 222.838 1497.9 75.0256 56.134 949.627 1909.73 482.196 165.968 73.1383 65.6469 92.8296 295.726 100.689 74.4496 1375.08 793.447 761.844 70.7093 16.6804 54.0289 15.4222 38.6067 691.135 1314.38 48.4847 204.63 197.904 1265.89 836.514 214.421
internal_count=34548 23725 12568 10823 920 3698 523 9903 125 85 9778 11157 9720 9418 1062 397 111 431 8870 1227 8356 6947 1409 6869 866 67 5655 1533 4122 961 941 3841 893 5992 302 226 3809 7643 1929 665 293 263 372 1186 403 298 5502 3175 3057 286 67 219 62 157 2771 5259 194 821 794 5065 3347 858
is_linear=0
shrinkage=0.05


Tree=6
num_leaves=63
num_cat=0
split_feature=5 5 3 2 8 8 9 3 2 3 5 2 3 8 3 8 8 7 7 8 8 2 4 4 9 9 4 4 1 6 3 9 6 5 2 4 1 8 0 1 5 2 1 7 3 5 5 3 1 3 8 1 3 5 8 8 5 3 4 5 4 1
split_gain=29.7048 13.4603 20.077 13.3925 12.2037 13.8706 11.4362 10.6629 14.3763 10.585 10.1816 19.7829 9.96335 9.07822 9.05016 10.9643 9.93727 9.59902 11.3795 8.98213 8.93419 8.61637 8.83612 17.0129 9.42978 10.0296 9.3992 17.5392 12.6315 8.93783 8.82446 10.7006 9.8434 8.46961 8.46849 8.31209 12.0847 8.2999 8.18863 8.15043 11.9621 8.19023 9.21182 12.4296 8.13925 11.9502 9.9792 9.09435 8.22859 11.676 8.04983 7.77921 7.75433 7.6679 7.62141 9.96019 13.5623 7.77458 7.61172 8.86622 7.61022 12.3782
threshold=0.0042249529431672463 0.004776796488821974 0.0076305421920208625 0.0068063174727290851 -0.19857851863031314 -0.87425166137827703 11.143316460327304 -0.010789317190259771 -0.0055533802661535949 -0.015158991138696008 0.0044965911665072319 0.0023528603389264551 0.014748710696546043 0.63329326878915759 0.0095492631936835454 0.70093454868489713 -0.87425166137827703 1.6396138996493976 1.0656218960665516 0.87489117719827281 -0.46402010588742321 -0.0024864808503206599 0.001867422808959006 0.0019738499477782124 8.9572656805434594 10.398041368904442 0.0012287408646560205 0.0011002192569132315 0.0021134239912026236 -1.7616807623364605 -0.0078379515983026931 6.0385732688333666 -0.77415941860590387 0.0043709699063736668 -0.0011575957686877911 0.001561102913437424 -0.00037301057769401064 0.27018965393481403 0.0014774177948524427 0.003423591799570858 0.0043647464194206155 -0.002581321237260958 -0.003054643392069067 -2.0290285269701189 0.0050182804895086983 0.0041281157517486745 0.0033936037416063001 0.0014849462744868094 -0.0026814354409614434 -0.0089593219315222666 -0.79829939151982487 -0.00012876604241807141 0.00043839207167817312 0.0034955689751369136 0.49110438982177151 -0.24618008433332847 0.0040179928499315285 0.0014849462744868094 0.00063042650496519933 0.0050856773011059972 0.0016794150723406693 0.0040721172653404034
decision_type=8 10 8 10 2 2 2 8 10 10 8 10 8 2 8 2 2 8 10 2 2 10 10 10 2 2 10 10 10 10 10 2 10 10 10 10 10 2 10 10 10 10 10 10 10 10 10 10 10 10 2 10 10 10 2 2 10 10 10 10 10 10
left_child=3 2 4 7 5 35 39 13 52 -3 11 20 -12 53 16 34 -10 18 21 60 -4 37 26 24 -24 -26 27 28 30 -28 -23 32 -32 -8 -16 -2 -37 -18 -19 41 -41 -7 -43 -44 45 46 -31 -47 -48 -50 -35 -13 -9 -1 55 56 -29 -57 59 -11 -6 -62
right_child=1 9 10 -5 19 6 33 8 14 58 12 51 -14 -15 15 -17 17 38 -20 -21 -22 22 23 -25 25 -27 29 54 -30 44 31 -33 -34 50 -36 36 -38 -39 -40 40 -42 42 43 -45 -46 47 48 -49 49 -51 -52 -53 -54 -55 -56 57 -58 -59 -60 -61 61 -63
leaf_value=-0.065451609358277402 0.058124388317045354 -0.044486413233007449 -0.0089208898926795236 0.023928024310504267 0.0022047023234388627 -0.008447060679588796 -0.034549483213454982 0.031272858563994803 0.026453305575227778 0.044804745517583969 0.016974843037958581 0.028756221590493031 0.046517816092758339 0.011380549889950764 0.04635992948325178 0.049264262433995919 -0.0046240487624920126 -0.036092549879864183 0.006337507766543524 -0.023682036111006721 0.028130173754715777 0.02469763516860159 -0.014665648845303265 -0.0068018878584559274 0.038557201195548535 -0.010767983230537287 -0.04670872342813609 0.014777491262446896 -0.03503754360826649 -0.03031717708054248 0.023992456997165113 -0.024260016386891126 -0.0073661186490298807 -0.051213769125173329 -2.3312319164187463e-05 0.046402068236224274 -0.039046917010515839 0.010797701664737218 -0.0051760243386625255 0.034863939440344154 -0.049684638398314301 0.045693764175512575 -0.074339598615748251 0.003402814645166024 -0.024077900738041173 -0.035306084319310337 0.043761674382439941 -0.0009627278413691005 -0.054915229606895211 -0.0037661016664212684 -0.0053234894786127517 -0.013615803953012713 -0.033335039088690822 -0.019888471640426793 -0.012427445682918625 0.013614617775336617 -0.04685108854507157 0.047401384614668571 -0.00062432979062968029 -0.0077852721642632742 0.0095691363251772573 -0.058529012977597231
leaf_weight=10.119160458445547 14.855092748999597 13.640915036201475 19.955173641443253 41.369404256343842 799.73644088208675 184.40031473338604 38.993357717990875 40.304672926664352 24.213190793991089 19.738646492362022 204.92976678907871 12.193410634994505 33.156300276517868 21.682944476604462 10.404811993241308 13.404897987842558 272.11156323552132 47.292449370026588 197.7374832034111 26.441623851656914 88.1085075289011 20.499104931950569 15.997930347919462 270.97732251882553 49.744086727499962 12.998977497220038 19.998215556144714 31.244390085339546 45.735825717449188 40.237636551260948 27.997562557458878 86.98651334643364 235.69488979876041 10.248472914099692 181.4912551343441 8.8971847146749514 7.7349535673856726 128.42107743024826 39.145657524466515 5.4983235150575664 17.493551194667816 12.735249221324919 5.1882822662591925 568.83286379277706 128.73471546173096 70.737124502658844 8.7489600479602796 26.497083127498627 11.494620174169539 380.1887754201889 141.47119943797588 97.032870396971703 5.2490593194961539 105.56062765419483 29.995787888765335 41.244509428739548 12.497997432947157 28.996795013546944 2705.8804573267698 13.492877155542372 831.58465550839901 6.7270600199699393
leaf_count=41 60 55 80 167 3207 738 156 163 98 79 823 49 134 87 43 55 1089 192 791 106 354 82 64 1084 199 52 80 125 183 161 112 348 943 41 728 36 31 514 157 22 70 51 21 2276 515 283 35 106 46 1521 566 389 21 424 120 165 50 116 10828 54 3335 27
internal_value=4.77728e-07 0.00200048 0.00424001 -0.0043047 0.00259122 -0.00172595 -0.00277037 -0.00473818 -0.00400916 -0.000551033 0.0139466 0.0061206 0.0210891 -0.0183091 -0.00451408 0.0055456 -0.00540962 -0.0057477 -0.00510426 0.00522731 0.0212883 -0.00623675 -0.00788108 -0.00085714 0.019601 0.0283381 -0.00985009 -0.00504819 -0.0102441 -0.0137726 -0.00718911 -0.00905307 -0.00403662 -0.0137651 0.00249164 0.0309416 0.0066631 0.000320562 -0.0220912 -0.000130012 -0.0294655 0.00074462 0.0036333 0.00270014 -0.0127846 -0.0100818 -0.00658107 -0.0259473 -0.00419594 -0.00526716 -0.00842332 -0.00888563 0.0238282 -0.0238741 0.00999736 0.0158986 -0.00283092 0.0275624 -0.000332233 0.0234518 0.00569397 0.00902268
internal_weight=8624.72 5888.97 3136.21 2735.76 2680.84 1016.35 984.862 2694.39 2557.02 2752.75 455.376 217.29 238.086 137.363 2511.47 205.301 2306.17 2281.96 2195.52 1664.49 108.064 1997.78 1597.25 349.718 78.741 62.7431 1247.53 560.893 416.914 686.637 371.178 350.679 263.692 190.713 191.896 31.4872 16.6321 400.533 86.4381 794.149 22.9919 771.157 586.756 574.021 666.639 537.904 440.67 97.2342 400.432 391.683 151.72 109.226 45.5537 115.68 143.979 113.984 43.7424 70.2413 2739.11 33.2315 1638.05 838.312
internal_count=34548 23588 12572 10960 10743 4068 3941 10793 10241 11016 1829 872 957 552 10057 826 9231 9133 8784 6675 434 7993 6390 1399 315 251 4991 2244 1668 2747 1485 1403 1055 763 771 127 67 1603 349 3178 92 3086 2348 2297 2667 2152 1763 389 1602 1567 607 438 184 465 576 456 175 281 10961 133 6569 3362
is_linear=0
shrinkage=0.05


Tree=7
num_leaves=63
num_cat=0
split_feature=5 8 4 1 1 5 8 3 2 5 2 1 8 8 3 5 5 1 5 3 9 7 5 1 3 2 5 2 1 3 2 8 8 8 5 2 6 2 8 4 1 1 3 2 2 8 2 0 9 3 5 4 6 3 3 5 5 8 8 8 7 5
split_gain=26.8243 12.576 16.06 12.2372 12.3804 11.6512 12.3158 10.1892 11.6972 10.6497 12.9773 9.61559 9.55417 9.51061 8.84812 11.5133 8.76999 11.4111 10.5676 12.0627 12.091 10.4835 11.5499 10.4212 10.3169 8.99507 9.30998 8.4398 9.01501 8.1824 9.31555 7.8754 7.86536 7.73401 8.37256 8.02843 7.73175 7.67116 7.63698 7.51963 10.2845 10.3883 7.51596 7.50769 7.47505 12.5275 7.41832 7.40463 7.38336 11.3171 8.16393 8.82843 7.34842 7.25823 7.25198 9.47416 7.8645 7.11526 7.08391 7.01351 9.47828 7.00687
threshold=0.0042183971767908446 0.039258163566857789 0.0021927072046415571 0.0035324912541865321 0.003423591799570858 0.0054448686335274348 -0.60886048187321962 -0.010789317190259771 -0.0053906866925395027 0.0032048636817902693 0.0070561660660928291 -0.0032988469228003576 0.55290039267884483 -0.30017670270410096 0.0076305421920208625 0.0055619740810703517 0.0053126232799871036 0.00040211443263249441 0.0050133972132099447 -0.00031595487969759967 11.47705594849983 -1.7461343410062611 0.0047704165404878042 -0.0029854874834134289 -0.0052003756077505505 -0.00020516246025881199 0.0054662602073286184 -0.002581321237260958 -0.0011902528740588279 0.0095492631936835454 -0.0011575957686877911 0.74453387372264468 0.36390052848585186 0.63329326878915759 0.0040258251459815934 -0.0027220704314343531 -1.6005046865018324 0.0015636462911512441 0.75418848340649403 0.00099419056206287199 0.00057257619927675318 -0.0021394152303431109 -0.0058683609595915334 -0.0015327041038393217 0.0057081722663401288 -0.68261764383229362 0.0025534940738287664 -0.00078955646143175063 4.725861822057289 0.0016848439034546916 0.0049865194311753619 0.00063042650496519933 -1.4420314637195195 0.0054309190424994833 0.0023450681560550639 0.0048419429765629114 0.0051182784783288257 0.56063861141436055 -0.87425166137827703 -0.017553091047207554 inf 0.0034955689751369136
decision_type=8 2 8 10 8 8 2 8 10 10 10 8 2 2 8 10 8 10 10 10 2 8 8 10 10 10 10 10 8 8 10 2 2 2 8 8 10 10 2 10 10 10 8 8 10 2 10 10 2 10 8 10 10 8 10 10 8 2 2 2 8 10
left_child=3 2 14 4 7 58 -7 33 -9 13 29 -8 32 -10 44 39 18 23 21 20 27 22 38 -18 -19 -25 37 -20 -29 -11 -31 -32 -3 52 35 -35 -23 -27 -14 -16 41 -41 -13 -22 48 -46 -15 -43 49 -2 51 -51 -1 54 55 -47 -56 -38 -4 60 -50 -54
right_child=1 12 5 -5 -6 6 11 8 9 10 -12 42 16 46 15 -17 17 24 19 -21 43 36 -24 25 -26 26 -28 28 -30 30 31 -33 -34 34 -36 -37 57 -39 -40 40 -42 47 -44 -45 45 53 -48 -49 59 50 -52 -53 61 -55 56 -57 -58 -59 -60 -61 -62 -63
leaf_value=-0.072309946908759512 0.027401258323126232 0.003933420587891325 0.026522092845053215 0.021628433889079732 -0.064881040577512566 -0.052955182458350673 0.044193949267552136 0.019831369611928936 0.0055079807719476308 -0.0048486474675789384 0.032806942639346047 -0.063877734366816943 -0.011872285914451455 -0.046600531668952047 0.033495743700643114 -0.042224103189137392 -0.017821125686490451 0.059734791020078552 -0.012217519327463882 -0.027006405434262488 -0.077038094772881538 -0.047198968738844493 0.09041155905573138 0.05102923424569189 -0.012622184724398822 0.0062834295114828787 -0.011696773317021722 0.083440125654351105 0.017193772652321644 0.049095376843477714 0.00075108766431505143 0.04958481737066623 0.010643826745189607 0.05738176626267974 -0.037571907561118847 -0.019459001464153875 -0.032443095096085534 0.07406275558813312 0.060138829814149267 -0.017215159079288594 0.00030756354281841859 -0.0038255605085994772 -0.01257307321123965 -0.010349536646096689 0.071135149909179629 -0.011628555304541682 0.0030258262151742744 0.033133430463515377 0.00063431243677807068 -0.029966486228848906 -0.061362395519804158 0.0312022282878919 -0.061096352196898011 0.036308050132692213 -0.0057396505025289132 0.071687211686070867 -0.080866324199983172 0.0011889036264989873 -0.0042886980808347162 -0.011807474259349304 -0.059271255213422136 -0.015704499237632636
leaf_weight=7.0690113753080359 57.427444249391556 1229.3394738435745 19.116129815578461 45.336524084210396 8.4816916882991773 22.909133151173592 6.9743985533714294 51.912360861897469 19.179037973284721 2179.8323373049498 24.217595830559731 7.7327530533075333 11.202860355377203 36.6074328571558 34.980769142508507 10.230215713381765 12.482465609908102 5.4620109945535651 16.237450420856476 81.225966408848763 5.9970785826444626 8.7276092618703824 6.488224357366561 31.981910392642021 50.238699600100517 8.2257990986108798 17.242517963051796 6.7475718855857849 21.495353281497959 11.746590569615362 169.73185631632805 8.678180977702139 677.24370200932026 9.6912381798028928 6.4965883642435065 5.2357726544141796 16.190564498305321 8.476030156016348 5.4842078238725653 15.71094489097595 150.38985036313534 16.408146619796753 92.900843799114227 14.244607016444208 9.4887288808822614 8.9967898577451759 9.4807095229625684 77.854097589850426 1632.728764295578 10.982783019542699 6.2458254098892203 12.743089169263838 9.3153636604547483 15.245019733905787 11.494070619344713 5.4969022572040549 4.9984618574380866 548.37649807333946 774.21496522426605 126.93422727286816 6.6297152340412131 97.339503452181816
leaf_count=29 230 4929 77 182 34 92 28 210 77 8727 98 31 45 147 141 41 50 22 65 325 24 35 26 128 201 33 69 27 86 49 681 36 2715 39 26 21 65 34 22 63 603 66 372 57 38 36 38 313 6535 44 25 51 38 61 46 22 20 2199 3098 508 27 391
internal_value=5.12999e-07 0.00188373 -0.000285919 -0.00412943 -0.00456927 -0.0058238 -0.0196674 -0.00437598 -0.00365629 -0.00415204 -0.00360881 -0.0125806 0.00433069 -0.0240795 0.00202387 0.00992341 1.00714e-05 0.0117775 -0.00211558 -0.0141751 0.00192816 0.000835216 0.0338041 0.0240703 -0.00552686 0.032002 0.0140749 0.0165067 0.0330208 -0.00398092 0.0059661 0.00312645 0.00631705 -0.0177498 0.00980826 0.0304292 -0.000497544 0.0406808 0.0117942 0.0117297 0.00880536 0.0204262 -0.0165154 -0.0301076 0.000759667 0.018804 -0.036392 0.0267 0.000217274 0.0144031 -0.010502 0.00288703 -0.0229412 0.00806328 -0.00583296 0.0199699 -0.0285086 0.000224411 -0.00354628 -0.000484667 0.000392049 -0.0196691
internal_weight=8622.3 5921.94 3138.83 2700.35 2655.02 923.848 130.517 2646.53 2511.39 2459.47 2394.21 107.608 2783.11 65.2672 2214.99 305.574 876.527 134.109 742.418 145.948 64.7221 596.47 23.1753 78.4087 55.7007 65.9263 33.9443 44.4804 28.2429 2369.99 190.157 178.41 1906.58 135.147 21.4236 14.927 573.295 16.7018 16.6871 295.344 260.363 109.973 100.634 20.2417 1909.41 55.72 46.0881 94.2622 1853.69 87.3991 29.9717 23.7259 113.724 46.2312 30.9862 14.4937 16.4925 564.567 793.331 1766.29 1639.36 106.655
internal_count=34548 23725 12568 10823 10641 3698 523 10607 10063 9853 9591 431 11157 262 8870 1227 3513 537 2976 584 259 2392 93 314 223 264 136 178 113 9493 766 717 7644 544 86 60 2299 67 67 1186 1045 442 403 81 7643 223 185 379 7420 350 120 95 458 185 124 58 66 2264 3175 7070 6562 429
is_linear=0
shrinkage=0.05


Tree=8
num_leaves=63
num_cat=0
split_feature=5 5 3 2 5 2 8 8 2 9 8 3 2 3 3 4 2 1 8 5 2 3 3 8 7 8 2 3 0 8 8 9 5 1 9 2 4 3 2 9 9 8 1 9 3 0 8 1 7 3 3 7 4 4 4 2 6 3 3 5 1 1
split_gain=24.2505 11.7362 15.9674 12.7475 17.028 12.6936 11.0952 12.9328 10.9641 10.2232 9.37922 8.7371 12.2562 8.55353 8.48447 8.33205 10.8545 9.01442 8.02742 7.78385 14.6772 9.22855 8.72503 9.29099 8.74897 9.22952 11.1468 9.7553 8.96023 8.62645 7.9756 7.96879 8.8653 7.64045 8.30451 7.6216 7.49365 18.5516 13.6675 7.49106 8.07293 7.46183 7.45804 7.39141 11.382 11.168 10.9249 9.39044 10.4974 7.32866 7.55572 7.24458 7.14884 7.15511 9.53803 7.08931 10.7806 9.68277 13.1554 11.2016 7.59625 7.0826
threshold=0.0042249529431672463 0.0047635454765381597 0.0083298965668445763 0.0025120196145511646 0.0044965911665072319 -0.0032660417244514402 -0.89339337819321929 -0.19184777038344408 0.0068063174727290851 11.47705594849983 0.87489117719827281 -0.010789317190259771 -0.0065903756892229373 -0.015158991138696008 0.014748710696546043 0.00165192713059052 0.0057081722663401288 0.0027380511021517511 -0.20965755102159564 0.0032048636817902693 0.0036503525325901624 0.0034877709148419815 0.0095492631936835454 -0.87425166137827703 1.6396138996493976 -0.51595122122929127 -0.0022163783951132383 0.0069274286016707274 0.0010854104327648886 0.70093454868489713 -0.13393750831116485 5.0836345402685046 0.0040538811952940861 -0.0023714704353512413 11.227590336135547 -0.0036781918182287039 0.002021437086537728 -0.010255227086421568 -0.0027738482982258002 9.0368234874279629 7.990333502161616 0.63329326878915759 -0.0010083826090703238 4.725861822057289 -0.0015180992090702004 0.00035563954810591275 0.12944901594363806 -0.00082380567747630795 0.23684065014811975 0.0015442995548591301 0.0026281554504743458 0.15578904537698102 0.00076832261131483902 0.0015153499567131222 0.0025634758303406287 0.0023528603389264551 -0.58417927881480503 -0.003561275006441988 0.0032044091660861089 0.0045259378309362676 0.0017130511364618075 0.003423591799570858
decision_type=8 10 8 10 10 8 2 2 10 2 2 8 10 10 10 10 10 10 2 10 10 8 8 2 8 2 10 8 10 2 2 2 10 10 2 10 10 10 10 2 2 2 8 2 10 10 2 10 10 10 8 8 10 10 10 10 10 10 10 10 10 10
left_child=8 2 6 5 52 -4 42 9 11 61 15 41 -13 35 18 16 43 33 -6 20 21 30 23 -21 25 31 27 -27 -28 -24 -14 32 -25 34 -17 -3 38 -38 -35 40 -10 -1 -2 44 46 -46 -9 -48 -49 -19 -51 -52 -5 -54 -55 56 57 59 -59 -40 -57 -8
right_child=1 13 3 4 14 -7 7 10 39 -11 -12 12 19 -15 -16 17 -18 49 -20 22 -22 -23 29 24 -26 26 28 -29 -30 -31 -32 -33 -34 36 -36 -37 37 -39 55 -41 -42 -43 -44 -45 45 -47 47 48 -50 50 51 -53 53 54 -56 60 -58 58 -60 -61 -62 -63
leaf_value=-0.021651850958337424 0.0789244301479234 -0.070848954805083394 -0.043596254640649423 -0.064827240394578906 0.031393596849731052 0.025250889629542517 0.000804665531905777 0.035153412779477804 0.020962926907070061 -0.013801750691155397 -0.024249927183528967 0.04887372862536446 0.0071613034861128305 -0.00032700231104555006 0.052525325302701598 0.013462863118473556 0.031843473491767527 -0.036307283879246588 0.00064343114146102505 0.025950707859680667 0.046089584328741828 -0.071375940919801012 0.0038678284256867135 -0.01928682333828444 -0.020384003332975045 0.0035651647369569378 -0.005623849100469298 0.066513320698910736 0.013385558647325583 0.045711344107355945 -0.03571929750395985 -0.0089139955713152946 -0.075962731740043643 -0.0095087794326446373 0.047034103545747392 0.0045722751180633453 0.044442009537076999 0.0015170598282121795 -0.083471125383591166 0.052552992985213355 -0.044814159518663119 0.010356205000878804 0.016029231338611467 -0.0010149668616074496 0.052963449540255447 -0.009339216452727124 -0.060533686095692964 0.049515248905049457 -0.045312065648793531 0.059801149160291771 0.034044737300330107 -0.030702803456863492 0.0098588244320131704 -0.025442053765534062 0.047093387821310118 0.048258490367493627 0.021946631559817478 0.025551932832490833 -0.039681128825612699 0.014033939216039269 0.0093205333580810724 -0.026221877337486061
leaf_weight=115.19425478577614 7.5286616832017899 8.1245847195386869 6.9505874812602997 5.701294243335723 34.777585968375206 182.09239481389523 822.59484103322029 11.228708341717718 21.91856881976128 159.1801932901144 26.929035440087318 11.069686263799666 17.205719053745266 2806.2987840920687 15.664179667830465 56.510859563946724 28.837647646665573 19.220193728804588 54.457349479198456 25.134709075093269 7.2359173744916907 10.692702308297156 185.23418366909027 27.226056233048439 84.686083644628525 419.66338516771793 1340.7142530977726 6.246421366930007 64.995230197906494 13.194695606827734 29.3269656598568 303.76627546548843 9.2419501394033414 49.091585576534271 27.330334112048149 5.6994411498308173 26.863025292754173 399.64884567260742 7.2363928705453855 13.322249338030813 5.9258005619049063 21.626610040664673 12.604351222515108 674.95874182879925 25.925773322582245 9.9547733068466169 10.21401673555374 6.2243907898664492 5.494862973690033 4.9964158087968826 6.4784479290246964 12.96827749907971 36.891877830028534 48.903895810246468 4.9949868768453589 36.908802881836891 139.80612143874168 27.687986761331558 10.72149810194969 4.9676086902618408 18.959622234106064 24.97710482776165
leaf_count=465 31 33 28 23 140 734 3293 45 89 637 108 45 69 11232 63 227 116 77 219 102 29 43 745 109 342 1681 5365 25 260 55 118 1216 37 197 110 23 109 1603 29 54 24 87 51 2707 104 40 41 25 22 20 26 52 148 196 20 148 561 111 43 20 76 100
internal_value=5.49844e-07 0.00180775 0.00394875 0.0133946 0.00464134 0.0227196 0.0025706 0.00229029 -0.0038911 -0.00217531 0.00501638 -0.00428265 -0.00362362 -0.00052027 0.0185855 0.0055022 0.00174555 0.00892025 0.0126277 -0.003852 -0.0210052 -0.0294891 -0.00340616 -0.00428073 -0.00461747 -0.00400269 -0.00259789 0.00448837 -0.00474492 0.00665025 -0.019864 -0.0115653 -0.03365 0.0101193 0.0244063 -0.0397539 0.00846002 0.0042206 0.0145815 0.0217176 0.00696434 -0.0165925 0.0395486 0.000578953 0.0161611 0.0356781 -0.00495586 -0.0254897 0.00505311 -0.0132067 0.00495787 -0.00913292 -0.0105177 -0.00710727 -0.01872 0.0193833 0.0147884 -0.00498433 0.00734299 -0.0437819 0.0350444 8.22011e-06
internal_weight=8620.23 5886.61 3066.48 390.434 201.391 189.043 2676.05 2655.92 2733.62 1006.75 1649.16 2692.46 2555.63 2820.12 104.899 1622.23 772.839 849.396 89.2349 2544.56 64.4613 57.2254 2480.1 2281.67 2256.54 2171.85 1831.62 425.91 1405.71 198.429 46.5327 340.234 36.468 805.733 83.8412 13.824 721.891 426.512 295.38 41.1666 27.8444 136.821 20.133 744.001 69.0425 35.8805 33.162 21.9333 11.7193 43.6633 24.4431 19.4467 96.4921 90.7908 53.8989 246.288 190.42 50.6135 38.4095 12.204 55.8684 847.572
internal_count=34548 23588 12300 1571 809 762 10729 10647 10960 4030 6617 10793 10241 11288 422 6509 3100 3409 359 10196 259 230 9937 9137 9035 8693 7331 1706 5625 800 187 1362 146 3234 337 56 2897 1712 1185 167 113 552 82 2984 277 144 133 88 47 175 98 78 387 364 216 988 764 203 154 49 224 3393
is_linear=0
shrinkage=0.05


Tree=9
num_leaves=63
num_cat=0
split_feature=5 8 4 5 6 8 1 1 8 2 2 1 3 2 0 3 5 1 1 3 5 3 4 7 5 2 2 3 4 5 1 3 3 2 3 5 1 5 2 8 3 8 5 2 3 3 2 6 3 1 4 9 1 5 5 8 6 5 2 8 5 8
split_gain=21.8952 11.4704 15.3178 14.2153 11.5922 11.5872 10.0765 10.5132 9.77931 8.68844 8.21389 8.16952 9.55332 9.3283 8.44584 8.33398 8.11406 10.3292 9.35734 9.2968 9.25236 10.9029 10.9875 10.2713 10.1495 9.15414 8.15672 9.06324 8.09731 12.0972 8.04425 8.142 7.74832 11.2769 7.4847 11.4245 9.67589 13.2732 8.26458 8.0737 7.41407 10.2867 7.12881 12.2187 9.35496 7.10075 30.8368 7.15522 6.99913 6.91069 7.16863 6.90402 6.87711 7.3182 6.83191 6.74972 6.8724 6.63764 7.29646 6.62217 6.6014 10.7017
threshold=0.0042249529431672463 0.15228751385546915 0.0023700558568901975 0.0054448686335274348 -2.300087871965125 0.55290039267884483 0.0035324912541865321 0.003423591799570858 -0.60153874267032925 0.0070561660660928291 -0.0043914315208031232 -0.0032988469228003576 -5.8025780338866177e-05 -0.00037074946003734505 -0.0010471536185763239 0.0022775907193386406 0.0053126232799871036 0.00040211443263249441 -0.0029854874834134289 -0.0052003756077505505 0.0050133972132099447 -0.00031595487969759967 0.0024288455596487269 -1.7461343410062611 0.0047704165404878042 -0.002581321237260958 -0.00020516246025881199 -0.0019993156481685754 0.00098417645990051894 0.0052968220224348809 0.0017696788103132024 0.0086110671830814684 -0.010789317190259771 -0.0055533802661535949 -0.0037080216560640973 0.0051071466392307021 -0.0025249521083283706 0.0042651751582244235 0.0041943025784956242 -0.37731933913607096 -0.012658399538569396 -0.44961617432879636 0.0032048636817902693 0.0035899870500877289 0.0034877709148419815 0.011150072635582655 0.0050993051852499258 -1.6005046865018324 -5.8025780338866177e-05 0.0017988345718871204 0.001967193807279654 6.236877817389276 -0.0047890714205394138 0.0050856773011059972 0.0045901272490110126 0.63329326878915759 -1.4420314637195195 0.0040258251459815934 -0.0027220704314343531 0.75418848340649403 0.0054056366850884332 -0.24618008433332847
decision_type=8 2 8 8 10 2 10 8 2 10 10 8 10 10 8 10 8 10 10 10 10 10 10 8 8 10 10 8 10 10 10 10 8 10 10 10 10 10 10 2 10 2 10 10 8 10 10 10 8 8 10 2 10 10 10 2 10 10 8 2 10 2
left_child=6 2 4 10 -2 -3 7 9 -5 32 40 -10 14 15 -13 -14 20 18 -18 -19 23 22 25 24 59 -22 -20 -28 29 30 -6 -32 55 48 35 38 37 -36 52 49 -4 -42 43 44 -35 47 54 -25 -34 50 -37 -23 -30 -54 -47 56 -1 58 -57 -7 -39 -62
right_child=1 5 3 8 28 16 -8 -9 11 -11 -12 12 13 -15 -16 -17 17 19 26 -21 21 51 -24 45 -26 -27 27 -29 34 -31 31 -33 33 42 36 39 -38 60 -40 -41 41 -43 -44 -45 -46 46 -48 -49 -50 -51 -52 -53 53 -55 -56 57 -58 -59 -60 -61 61 -63
leaf_value=-0.068801504931206195 0.066815739939584506 0.007180306336982363 -0.032125723111736046 -0.053386629835706134 0.015994700611752385 -0.009865773172295169 0.01949934235239251 -0.058136868606626403 0.038800943536066772 0.025253273827266654 -0.005010788049740012 0.0054348920144700165 0.0038674622823167805 0.0053838916504334294 -0.052076381169787016 -0.068419112562948733 -0.016778228010407154 0.056843051660830306 0.048579460508645922 -0.011973361479357828 -0.015279891511857338 -0.072198895217898448 -0.032646243301190973 -0.049916790437666281 0.08655455403760276 0.030463671581570418 -0.029665440808610895 0.028892475016590004 0.057940759051220009 -0.024634262123531259 -0.014248993179104967 0.039400497881115687 0.02867756843030966 -0.019113464058736332 0.068049078838984853 -0.043828290351888267 0.0031996740141449634 -0.017133910663342578 -0.047552264557727597 -0.0062340316071243665 -0.0073225001338376701 0.044093076158155907 -0.0035774701725085757 0.037432358796146203 -0.072160030426171862 0.072721062301893444 -0.045276796037125554 -0.0014917548848037256 -0.030376900524541214 -0.089104374721585056 -0.00024042271186626714 -0.02107166416464569 -0.0018128715693028954 0.04368078214804777 0.020540605542186396 0.054324480066665404 -0.017509181337164847 -0.031303423835463612 -0.018995296672959277 0.057518860587836396 -0.026118102911073995 0.049204109293299263
leaf_weight=6.9506628662347785 6.8031715154647818 1454.4700758755207 6.731867939233779 20.584120631217957 232.28838862478733 10.949125349521642 46.025382772088051 8.9695049077272397 6.4602521657943726 25.290447011590004 577.94218724966049 8.2121719866991025 6.7476934194564846 42.983165666460991 28.672280818223953 9.7467367798089963 12.480415895581244 5.4391162097454062 31.926983937621117 50.244247764348984 16.984905987977982 7.2499019354581824 16.993688926100731 7.7409083247184745 6.4605042785406104 30.715251907706261 8.991971477866171 24.920508205890656 4.9893726855516425 24.475050836801529 44.175446331501007 8.4198794513940793 39.492959141731262 45.973688691854477 5.2425723373889914 26.213959887623787 1704.0469881743193 124.58215421438217 9.492909759283064 51.197224870324135 15.732833936810492 25.488261952996254 2406.3049767017365 7.9764403700828543 10.145387470722197 15.13881327211857 12.224937468767164 523.99859894812107 5.7476066946983329 5.2443956881761542 14.735267445445059 73.993303135037422 518.78517647087574 8.9930407851934415 10.711092382669447 9.6341058164834958 108.02117820084095 6.7434959560632697 5.2381052225828197 5.4662546366453162 8.7406331002712268 10.240722149610518
leaf_count=29 28 5835 27 83 932 44 185 36 26 103 2314 33 27 172 115 39 50 22 128 201 68 29 68 31 26 123 36 100 20 98 177 34 161 185 21 105 6826 499 38 205 63 102 9642 32 41 61 49 2102 23 21 59 296 2078 36 43 39 436 27 21 22 35 41
internal_value=6.61576e-07 0.00171801 -6.72052e-05 -0.00641888 0.00162731 0.00444746 -0.00369802 -0.00409544 -0.0219285 -0.0039144 -0.00336088 -0.0156309 -0.0192801 -0.00688242 -0.0392717 -0.0388475 -0.000107543 0.011212 0.0229171 -0.00525142 -0.00216116 -0.0134387 0.0018764 0.000615693 0.0334666 0.0141755 0.0304416 0.0133657 0.00146902 0.00909866 0.0119967 -0.00566035 -0.00419253 -0.00356281 0.000522068 -0.00414118 0.00213194 -0.0100952 -0.00130931 -0.0199086 0.0165242 0.0244693 -0.00401583 -0.0204731 -0.0287034 -0.000703145 0.0201555 -0.00219671 0.021175 -0.0350645 -0.0281435 -0.0256341 -0.000485352 -0.00103769 0.0510997 -0.0157906 -0.0206101 0.00984349 0.0285007 0.012573 -0.0129489 0.0145193
internal_weight=8617.58 5885.07 3557.97 749.302 2808.67 2327.1 2732.51 2686.49 123.406 2677.52 625.895 102.822 96.362 59.4776 36.8845 16.4944 872.631 134.003 78.3199 55.6834 738.627 145.937 64.6938 592.69 22.8759 47.7002 65.8395 33.9125 2801.86 309.359 284.884 52.5953 2652.23 2515.64 2492.5 639.651 1852.85 148.806 542.26 97.3908 47.953 41.2211 2470.4 64.0955 56.1191 569.814 38.0748 531.74 45.2406 46.1936 40.9492 81.2432 532.768 527.778 25.8499 136.588 114.972 21.6157 14.8722 16.4154 143.564 18.9814
internal_count=34548 23588 14254 3001 11253 9334 10960 10775 495 10739 2506 412 386 238 148 66 3499 537 314 223 2962 584 259 2378 92 191 264 136 11225 1241 1143 211 10636 10084 9984 2562 7422 596 2172 390 192 165 9900 258 226 2286 153 2133 184 185 164 325 2134 2114 104 552 465 87 60 66 575 76
is_linear=0
shrinkage=0.05


end of trees

feature_importances:
Column_3=135
Column_5=101
Column_8=94
Column_2=88
Column_1=69
Column_4=50
Column_7=32
Column_9=27
Column_6=15
Column_0=9

parameters:
[boosting: gbdt]
[objective: binary]
[metric: auc]
[tree_learner: serial]
[device_type: cpu]
[data_sample_strategy: bagging]
[data: ]
[valid: ]
[num_iterations: 500]
[learning_rate: 0.05]
[num_leaves: 63]
[num_threads: 0]
[seed: 0]
[deterministic: 0]
[force_col_wise: 0]
[force_row_wise: 0]
[histogram_pool_size: -1]
[max_depth: -1]
[min_data_in_leaf: 20]
[min_sum_hessian_in_leaf: 0.001]
[bagging_fraction: 1]
[pos_bagging_fraction: 1]
[neg_bagging_fraction: 1]
[bagging_freq: 0]
[bagging_seed: 3]
[bagging_by_query: 0]
[feature_fraction: 1]
[feature_fraction_bynode: 1]
[feature_fraction_seed: 2]
[extra_trees: 0]
[extra_seed: 6]
[early_stopping_round: 0]
[early_stopping_min_delta: 0]
[first_metric_only: 0]
[max_delta_step: 0]
[lambda_l1: 0]
[lambda_l2: 0]
[linear_lambda: 0]
[min_gain_to_split: 0]
[drop_rate: 0.1]
[max_drop: 50]
[skip_drop: 0.5]
[xgboost_dart_mode: 0]
[uniform_drop: 0]
[drop_seed: 4]
[top_rate: 0.2]
[other_rate: 0.1]
[min_data_per_group: 100]
[max_cat_threshold: 32]
[cat_l2: 10]
[cat_smooth: 10]
[max_cat_to_onehot: 4]
[top_k: 20]
[monotone_constraints: ]
[monotone_constraints_method: basic]
[monotone_penalty: 0]
[feature_contri: ]
[forcedsplits_filename: ]
[refit_decay_rate: 0.9]
[cegb_tradeoff: 1]
[cegb_penalty_split: 0]
[cegb_penalty_feature_lazy: ]
[cegb_penalty_feature_coupled: ]
[path_smooth: 0]
[interaction_constraints: ]
[verbosity: -1]
[saved_feature_importance_type: 0]
[use_quantized_grad: 0]
[num_grad_quant_bins: 4]
[quant_train_renew_leaf: 0]
[stochastic_rounding: 1]
[linear_tree: 0]
[max_bin: 255]
[max_bin_by_feature: ]
[min_data_in_bin: 3]
[bin_construct_sample_cnt: 200000]
[data_random_seed: 1]
[is_enable_sparse: 1]
[enable_bundle: 1]
[use_missing: 1]
[zero_as_missing: 0]
[feature_pre_filter: 1]
[pre_partition: 0]
[two_round: 0]
[header: 0]
[label_column: ]
[weight_column: ]
[group_column: ]
[ignore_column: ]
[categorical_feature: ]
[forcedbins_filename: ]
[precise_float_parser: 0]
[parser_config_file: ]
[objective_seed: 5]
[num_class: 1]
[is_unbalance: 0]
[scale_pos_weight: 1]
[sigmoid: 1]
[boost_from_average: 1]
[reg_sqrt: 0]
[alpha: 0.9]
[fair_c: 1]
[poisson_max_delta_step: 0.7]
[tweedie_variance_power: 1.5]
[lambdarank_truncation_level: 30]
[lambdarank_norm: 1]
[label_gain: ]
[lambdarank_position_bias_regularization: 0]
[eval_at: ]
[multi_error_top_k: 1]
[auc_mu_weights: ]
[num_machines: 1]
[local_listen_port: 12400]
[time_out: 120]
[machine_list_filename: ]
[machines: ]
[gpu_platform_id: -1]
[gpu_device_id: -1]
[gpu_use_dp: 0]
[num_gpu: 1]

end of parameters

pandas_categorical:null
